version 1
nodes
0 "blender_implicit" -1
1 "hips" -1
2 "belly01_trans" 1
3 "belly02_trans" 1
4 "l_hip_clavicle" 1
5 "l_leg" 4
6 "l_knee" 5
7 "l_foot" 6
8 "l_toe01" 7
9 "l_toe02" 7
10 "l_toe03" 7
11 "l_toe04" 7
12 "physics_control" 1
13 "r_hip_clavicle" 1
14 "r_leg" 13
15 "r_knee" 14
16 "r_foot" 15
17 "r_toe01" 16
18 "r_toe02" 16
19 "r_toe03" 16
20 "r_toe04" 16
21 "spine01" 1
22 "spine02" 21
23 "head" 22
24 "frond01" 23
25 "frond02" 23
26 "frond03" 23
27 "l_mouth01" 23
28 "l_mouth02" 27
29 "r_mouth01" 23
30 "r_mouth02" 29
31 "l_clavicle" 22
32 "l_arm" 31
33 "l_elbow" 32
34 "l_hand" 33
35 "l_claw01" 34
36 "l_claw02" 34
37 "r_clavicle" 22
38 "r_arm" 37
39 "r_elbow" 38
40 "r_hand" 39
41 "r_claw01" 40
42 "r_claw02" 40
43 "tail01" 1
44 "tail_trans" 43
45 "tail02" 44
46 "tail03" 45
47 "tail_nub_trans" 45
end
skeleton
time 0
0  0.000000 0.000000 0.000000  1.570796 -0.000000 0.000000
1  -0.000209 3.807924 57.921349  0.000000 0.113794 -1.570796
2  -9.971644 0.000023 -5.862364  1.570769 1.712725 -0.000028
3  -0.980425 0.000024 -6.314015  1.570841 1.368688 0.000044
4  0.831670 1.780051 -1.261216  -1.794644 -0.756901 1.738332
5  7.079495 0.000015 0.000002  -1.356301 -0.673970 2.021029
6  29.137310 0.000126 0.000047  -0.451846 0.081429 1.546381
7  12.200571 -0.000032 -0.000032  0.235337 0.306053 -0.442140
8  15.326590 2.792398 0.747012  -0.141647 -0.088322 0.365972
9  15.482626 1.133248 -1.973936  -1.029462 0.315069 0.034339
10  15.622598 -1.844045 -1.748363  2.065420 0.549951 -0.380049
11  15.658933 -3.741651 -0.297844  0.262320 0.031871 -1.195936
12  10.360163 0.000223 -57.114426  1.457003 -0.000001 1.570796
13  0.831672 -1.780037 -1.261227  1.458752 -0.756884 -1.738331
14  7.079456 0.000011 -0.000003  -1.939474 -0.365422 -1.943416
15  29.137341 0.000169 0.000083  0.451850 -0.081428 1.546398
16  12.200571 -0.000214 0.000068  -0.235342 -0.306056 -0.442153
17  15.326592 2.792381 -0.746975  0.141644 0.088323 0.365965
18  15.482622 1.133242 1.973962  1.029463 -0.315068 0.034337
19  15.622591 -1.844050 1.748405  -2.065433 -0.549952 -0.380047
20  15.658930 -3.741661 0.297893  -0.262320 -0.031879 -1.195939
21  2.016997 0.000002 -0.000004  1.570800 -0.166045 0.000001
22  5.061223 -0.019401 -0.008176  -1.567574 0.000487 -0.398010
23  6.745992 0.000019 -0.000005  0.000684 0.281137 -0.009729
24  9.717893 0.069674 0.566546  1.564131 -0.311876 0.010033
25  9.391459 1.147401 -2.591631  1.557662 -0.037916 0.182892
26  9.409019 -1.053092 -2.577669  1.571430 -0.040123 -0.166436
27  7.799997 4.615129 -0.516500  1.501482 -0.279786 0.297071
28  16.385149 -0.000123 0.000010  -0.016331 -0.008330 0.027442
29  7.872932 -4.519176 -0.458578  1.662537 -0.283374 -0.277585
30  16.385145 -0.000025 0.000003  0.000440 0.009288 0.027152
31  1.539902 2.966863 -1.395400  -1.843540 0.205402 1.091807
32  6.731576 -0.000006 0.000014  -1.914618 -0.547124 1.224616
33  16.155920 0.000005 -0.000038  -0.441057 0.000005 1.706619
34  14.452498 -0.000075 0.000001  -0.149029 -0.021964 -1.645114
35  10.345859 0.153710 -2.175538  -0.045918 -0.002753 -1.083694
36  10.241045 -0.153571 2.175560  0.200021 0.048257 -1.052521
37  1.536994 -2.993666 -1.376187  1.618529 0.199687 -1.093395
38  6.731578 0.000005 -0.000004  -1.147737 -0.336936 -1.258706
39  16.155962 0.000033 -0.000010  0.000002 -0.000001 1.706612
40  14.452497 0.000051 0.000015  0.013134 0.487935 -1.448209
41  10.077879 -2.150091 2.367967  0.188525 0.166760 -1.255927
42  10.159161 -1.607373 -1.960579  -0.088164 0.112568 -1.230456
43  -5.305595 0.032333 2.832112  1.570793 -3.042029 0.000002
44  9.510156 0.015951 0.047728  1.566915 0.000729 0.190275
45  12.393448 0.000011 -0.000007  0.003305 -0.036386 0.039266
46  17.369053 0.000027 0.000027  0.000011 0.472679 -0.000044
47  6.318906 -9.118300 -6.700978  1.587764 -0.027717 2.476472
end
triangles
flood_fronds
0  -0.716554 -23.685648 42.708748  -0.077612 -0.443698 0.892809  1.000000 0.000000 1 26 1.000000
0  -4.376816 -23.028767 42.717007  -0.077741 -0.443733 0.892781  1.000000 1.000000 1 26 1.000000
0  -1.327762 -31.092836 38.974480  -0.077881 -0.443771 0.892749  0.000000 0.000000 1 26 1.000000
flood_fronds
0  -4.376816 -23.028767 42.717007  -0.077741 -0.443733 0.892781  1.000000 1.000000 1 26 1.000000
0  -6.403699 -30.180143 38.984810  -0.077981 -0.443799 0.892727  0.000000 1.000000 1 26 1.000000
0  -1.327762 -31.092836 38.974480  -0.077881 -0.443771 0.892749  0.000000 0.000000 1 26 1.000000
flood_fronds
0  -0.716554 -23.685648 42.708748  -0.077612 -0.443698 0.892809  1.000000 0.000000 1 26 1.000000
0  -4.376816 -23.028767 42.717007  -0.077741 -0.443733 0.892781  1.000000 1.000000 1 26 1.000000
0  -1.327762 -31.092836 38.974480  -0.077881 -0.443771 0.892749  0.000000 0.000000 1 26 1.000000
flood_fronds
0  -1.327762 -31.092836 38.974480  -0.077881 -0.443771 0.892749  0.000000 0.000000 1 26 1.000000
0  -4.376816 -23.028767 42.717007  -0.077741 -0.443733 0.892781  1.000000 1.000000 1 26 1.000000
0  -6.403699 -30.180143 38.984810  -0.077981 -0.443799 0.892727  0.000000 1.000000 1 26 1.000000
flood_fronds
0  -1.292836 -27.811764 48.674271  0.707145 -0.266515 0.654917  1.000000 0.000000 1 24 1.000000
0  -1.798101 -35.676128 46.019474  0.707164 -0.266520 0.654894  0.000000 0.000000 1 24 1.000000
0  1.335939 -26.819839 46.239510  0.707154 -0.266517 0.654906  1.000000 1.000000 1 24 1.000000
flood_fronds
0  1.335939 -26.819839 46.239510  0.707154 -0.266517 0.654906  1.000000 1.000000 1 24 1.000000
0  -1.798101 -35.676128 46.019474  0.707164 -0.266520 0.654894  0.000000 0.000000 1 24 1.000000
0  1.848191 -34.301308 42.641598  0.707171 -0.266522 0.654886  0.000000 1.000000 1 24 1.000000
flood_fronds
0  -1.292836 -27.811764 48.674271  0.707145 -0.266515 0.654917  1.000000 0.000000 1 24 1.000000
0  -1.798101 -35.676128 46.019474  0.707164 -0.266520 0.654894  0.000000 0.000000 1 24 1.000000
0  1.335939 -26.819839 46.239510  0.707154 -0.266517 0.654906  1.000000 1.000000 1 24 1.000000
flood_fronds
0  -1.798101 -35.676128 46.019474  0.707164 -0.266520 0.654894  0.000000 0.000000 1 24 1.000000
0  1.848191 -34.301308 42.641598  0.707171 -0.266522 0.654886  0.000000 1.000000 1 24 1.000000
0  1.335939 -26.819839 46.239510  0.707154 -0.266517 0.654906  1.000000 1.000000 1 24 1.000000
flood_fronds
0  -1.812071 -34.293056 42.637466  -0.707128 -0.266618 0.654893  0.000000 1.000000 1 24 1.000000
0  1.834221 -35.679432 46.010178  -0.707063 -0.266598 0.654971  0.000000 0.000000 1 24 1.000000
0  -1.285851 -26.818190 46.248806  -0.706973 -0.266569 0.655080  1.000000 1.000000 1 24 1.000000
flood_fronds
0  1.834221 -35.679432 46.010178  -0.707063 -0.266598 0.654971  0.000000 0.000000 1 24 1.000000
0  1.344093 -27.818365 48.679432  -0.706891 -0.266543 0.655180  1.000000 0.000000 1 24 1.000000
0  -1.285851 -26.818190 46.248806  -0.706973 -0.266569 0.655080  1.000000 1.000000 1 24 1.000000
flood_fronds
0  -1.812071 -34.293056 42.637466  -0.707128 -0.266618 0.654893  0.000000 1.000000 1 24 1.000000
0  1.834221 -35.679432 46.010178  -0.707063 -0.266598 0.654971  0.000000 0.000000 1 24 1.000000
0  -1.285851 -26.818190 46.248806  -0.706973 -0.266569 0.655080  1.000000 1.000000 1 24 1.000000
flood_fronds
0  -1.285851 -26.818190 46.248806  -0.706973 -0.266569 0.655080  1.000000 1.000000 1 24 1.000000
0  1.834221 -35.679432 46.010178  -0.707063 -0.266598 0.654971  0.000000 0.000000 1 24 1.000000
0  1.344093 -27.818365 48.679432  -0.706890 -0.266543 0.655180  1.000000 0.000000 1 24 1.000000
flood_fronds
0  -2.579283 -34.979645 44.337772  0.000100 -0.377037 0.926198  0.000000 1.000000 1 24 1.000000
0  2.578151 -35.001099 44.328476  0.000083 -0.377045 0.926195  0.000000 0.000000 1 24 1.000000
0  -1.819056 -27.308372 47.460506  0.000059 -0.377057 0.926190  1.000000 1.000000 1 24 1.000000
flood_fronds
0  2.578151 -35.001099 44.328476  0.000083 -0.377045 0.926195  0.000000 0.000000 1 24 1.000000
0  1.899415 -27.323225 47.454311  0.000038 -0.377068 0.926186  1.000000 0.000000 1 24 1.000000
0  -1.819056 -27.308372 47.460506  0.000059 -0.377057 0.926190  1.000000 1.000000 1 24 1.000000
flood_fronds
0  -2.579283 -34.979645 44.337772  0.000100 -0.377037 0.926198  0.000000 1.000000 1 24 1.000000
0  2.578151 -35.001099 44.328476  0.000083 -0.377045 0.926195  0.000000 0.000000 1 24 1.000000
0  -1.819056 -27.308372 47.460506  0.000059 -0.377057 0.926190  1.000000 1.000000 1 24 1.000000
flood_fronds
0  -1.819056 -27.308372 47.460506  0.000059 -0.377057 0.926190  1.000000 1.000000 1 24 1.000000
0  2.578151 -35.001099 44.328476  0.000083 -0.377045 0.926195  0.000000 0.000000 1 24 1.000000
0  1.899415 -27.323225 47.454311  0.000038 -0.377068 0.926186  1.000000 0.000000 1 24 1.000000
flood_fronds
0  0.021552 -35.960007 46.746700  1.000000 0.000000 0.000000  0.000000 1.000000 1 24 1.000000
0  0.021552 -34.037235 41.961891  1.000000 -0.000000 0.000000  0.000000 0.000000 1 24 1.000000
0  0.021552 -28.001558 49.164940  1.000000 -0.000000 0.000000  1.000000 1.000000 1 24 1.000000
flood_fronds
0  0.021552 -34.037235 41.961891  1.000000 -0.000000 0.000000  0.000000 0.000000 1 24 1.000000
0  0.021552 -26.615189 45.714748  1.000000 -0.000000 0.000000  1.000000 0.000000 1 24 1.000000
0  0.021552 -28.001558 49.164940  1.000000 -0.000000 0.000000  1.000000 1.000000 1 24 1.000000
flood_fronds
0  0.021552 -35.960007 46.746700  1.000000 0.000000 0.000000  0.000000 1.000000 1 24 1.000000
0  0.021552 -34.037235 41.961891  1.000000 -0.000000 0.000000  0.000000 0.000000 1 24 1.000000
0  0.021552 -28.001558 49.164940  1.000000 -0.000000 0.000000  1.000000 1.000000 1 24 1.000000
flood_fronds
0  0.021552 -28.001558 49.164940  1.000000 -0.000000 0.000000  1.000000 1.000000 1 24 1.000000
0  0.021552 -34.037235 41.961891  1.000000 -0.000000 0.000000  0.000000 0.000000 1 24 1.000000
0  0.021552 -26.615189 45.714748  1.000000 -0.000000 0.000000  1.000000 0.000000 1 24 1.000000
flood_fronds
0  -2.579283 -35.575455 47.858200  -0.000160 0.049654 0.998766  0.000000 1.000000 1 24 1.000000
0  2.578151 -35.600208 47.860264  -0.000132 0.049669 0.998766  0.000000 0.000000 1 24 1.000000
0  -1.819056 -27.303419 47.447079  -0.000094 0.049690 0.998765  1.000000 1.000000 1 24 1.000000
flood_fronds
0  2.578151 -35.600208 47.860264  -0.000132 0.049669 0.998766  0.000000 0.000000 1 24 1.000000
0  1.899415 -27.319923 47.448112  -0.000058 0.049709 0.998764  1.000000 0.000000 1 24 1.000000
0  -1.819056 -27.303419 47.447079  -0.000094 0.049690 0.998765  1.000000 1.000000 1 24 1.000000
flood_fronds
0  -2.579283 -35.575455 47.858200  -0.000160 0.049654 0.998766  0.000000 1.000000 1 24 1.000000
0  2.578151 -35.600208 47.860264  -0.000132 0.049669 0.998766  0.000000 0.000000 1 24 1.000000
0  -1.819056 -27.303419 47.447079  -0.000093 0.049690 0.998765  1.000000 1.000000 1 24 1.000000
flood_fronds
0  -1.819056 -27.303419 47.447079  -0.000093 0.049690 0.998765  1.000000 1.000000 1 24 1.000000
0  2.578151 -35.600208 47.860264  -0.000132 0.049669 0.998766  0.000000 0.000000 1 24 1.000000
0  1.899415 -27.319923 47.448112  -0.000057 0.049709 0.998764  1.000000 0.000000 1 24 1.000000
flood_fronds
0  -2.579283 -32.941345 41.384453  0.000204 -0.733180 0.680035  0.000000 1.000000 1 24 1.000000
0  2.578151 -32.956200 41.366890  0.000145 -0.733201 0.680012  0.000000 0.000000 1 24 1.000000
0  -1.819056 -27.308372 47.457409  0.000063 -0.733230 0.679981  1.000000 1.000000 1 24 1.000000
flood_fronds
0  -1.819056 -27.308372 47.457409  0.000063 -0.733230 0.679981  1.000000 1.000000 1 24 1.000000
0  2.578151 -32.956200 41.366890  0.000145 -0.733201 0.680012  0.000000 0.000000 1 24 1.000000
0  1.899415 -27.319923 47.445011  -0.000012 -0.733257 0.679952  1.000000 0.000000 1 24 1.000000
flood_fronds
0  -2.579283 -32.941345 41.384453  0.000204 -0.733180 0.680035  0.000000 1.000000 1 24 1.000000
0  2.578151 -32.956200 41.366890  0.000145 -0.733201 0.680012  0.000000 0.000000 1 24 1.000000
0  -1.819056 -27.308372 47.457409  0.000064 -0.733230 0.679981  1.000000 1.000000 1 24 1.000000
flood_fronds
0  2.578151 -32.956200 41.366890  0.000145 -0.733201 0.680012  0.000000 0.000000 1 24 1.000000
0  1.899415 -27.319923 47.445011  -0.000011 -0.733257 0.679952  1.000000 0.000000 1 24 1.000000
0  -1.819056 -27.308372 47.457409  0.000064 -0.733230 0.679981  1.000000 1.000000 1 24 1.000000
flood_fronds
0  -3.495512 -33.286282 42.233570  0.906340 -0.391403 -0.159225  0.000000 1.000000 1 24 1.000000
0  0.004090 -26.620138 45.767429  0.906325 -0.391408 -0.159298  1.000000 1.000000 1 24 1.000000
0  -3.505992 -35.250313 47.001850  0.906333 -0.391405 -0.159256  0.000000 0.000000 1 24 1.000000
flood_fronds
0  -3.505992 -35.250313 47.001850  0.906333 -0.391405 -0.159256  0.000000 0.000000 1 24 1.000000
0  0.004090 -26.620138 45.767429  0.906325 -0.391408 -0.159298  1.000000 1.000000 1 24 1.000000
0  -0.002896 -28.036219 49.206261  0.906317 -0.391410 -0.159337  1.000000 0.000000 1 24 1.000000
flood_fronds
0  -3.495512 -33.286282 42.233570  0.906340 -0.391403 -0.159225  0.000000 1.000000 1 24 1.000000
0  0.004090 -26.620138 45.767429  0.906324 -0.391408 -0.159298  1.000000 1.000000 1 24 1.000000
0  -3.505992 -35.250313 47.001850  0.906333 -0.391405 -0.159256  0.000000 0.000000 1 24 1.000000
flood_fronds
0  0.004090 -26.620138 45.767429  0.906324 -0.391408 -0.159298  1.000000 1.000000 1 24 1.000000
0  -0.002896 -28.036219 49.206261  0.906316 -0.391410 -0.159338  1.000000 0.000000 1 24 1.000000
0  -3.505992 -35.250313 47.001850  0.906333 -0.391405 -0.159256  0.000000 0.000000 1 24 1.000000
flood_fronds
0  3.494380 -33.286282 42.233570  -0.906293 -0.391417 -0.159453  0.000000 1.000000 1 24 1.000000
0  3.503694 -35.250313 47.001850  -0.906300 -0.391415 -0.159421  0.000000 0.000000 1 24 1.000000
0  -0.006388 -26.620138 45.767429  -0.906308 -0.391413 -0.159378  1.000000 1.000000 1 24 1.000000
flood_fronds
0  -0.006388 -26.620138 45.767429  -0.906308 -0.391413 -0.159378  1.000000 1.000000 1 24 1.000000
0  3.503694 -35.250313 47.001850  -0.906300 -0.391415 -0.159421  0.000000 0.000000 1 24 1.000000
0  0.000597 -28.036219 49.206261  -0.906316 -0.391410 -0.159338  1.000000 0.000000 1 24 1.000000
flood_fronds
0  3.494380 -33.286282 42.233570  -0.906293 -0.391417 -0.159453  0.000000 1.000000 1 24 1.000000
0  3.503694 -35.250313 47.001850  -0.906300 -0.391415 -0.159421  0.000000 0.000000 1 24 1.000000
0  -0.006388 -26.620138 45.767429  -0.906308 -0.391412 -0.159378  1.000000 1.000000 1 24 1.000000
flood_fronds
0  3.503694 -35.250313 47.001850  -0.906300 -0.391415 -0.159421  0.000000 0.000000 1 24 1.000000
0  0.000597 -28.036219 49.206261  -0.906316 -0.391410 -0.159338  1.000000 0.000000 1 24 1.000000
0  -0.006388 -26.620138 45.767429  -0.906308 -0.391412 -0.159378  1.000000 1.000000 1 24 1.000000
flood_fronds
0  5.478184 -29.506763 37.349583  0.751582 -0.191586 0.631205  0.000000 1.000000 1 25 1.000000
0  3.736536 -22.535286 41.539394  0.751503 -0.191582 0.631300  1.000000 1.000000 1 25 1.000000
0  2.170676 -31.754669 40.605572  0.751549 -0.191584 0.631245  0.000000 0.000000 1 25 1.000000
flood_fronds
0  2.170676 -31.754669 40.605572  0.751549 -0.191584 0.631245  0.000000 0.000000 1 25 1.000000
0  3.736536 -22.535286 41.539394  0.751503 -0.191582 0.631300  1.000000 1.000000 1 25 1.000000
0  1.351078 -24.157673 43.886353  0.751460 -0.191580 0.631351  1.000000 0.000000 1 25 1.000000
flood_fronds
0  5.478184 -29.506763 37.349583  0.751582 -0.191586 0.631205  0.000000 1.000000 1 25 1.000000
0  3.736536 -22.535286 41.539394  0.751503 -0.191582 0.631300  1.000000 1.000000 1 25 1.000000
0  2.170676 -31.754669 40.605572  0.751549 -0.191584 0.631245  0.000000 0.000000 1 25 1.000000
flood_fronds
0  3.736536 -22.535286 41.539394  0.751503 -0.191582 0.631300  1.000000 1.000000 1 25 1.000000
0  1.351078 -24.157673 43.886353  0.751460 -0.191580 0.631351  1.000000 0.000000 1 25 1.000000
0  2.170676 -31.754669 40.605572  0.751549 -0.191584 0.631245  0.000000 0.000000 1 25 1.000000
flood_fronds
0  1.872639 -30.130630 37.346485  -0.641468 -0.435894 0.631281  0.000000 1.000000 1 25 1.000000
0  5.749444 -31.130796 40.595245  -0.641446 -0.435885 0.631310  0.000000 0.000000 1 25 1.000000
0  1.153162 -22.987507 41.547661  -0.641415 -0.435872 0.631349  1.000000 1.000000 1 25 1.000000
flood_fronds
0  5.749444 -31.130796 40.595245  -0.641446 -0.435885 0.631310  0.000000 0.000000 1 25 1.000000
0  3.949582 -23.708754 43.890488  -0.641387 -0.435861 0.631386  1.000000 0.000000 1 25 1.000000
0  1.153162 -22.987507 41.547661  -0.641415 -0.435872 0.631349  1.000000 1.000000 1 25 1.000000
flood_fronds
0  1.872639 -30.130630 37.346485  -0.641468 -0.435894 0.631281  0.000000 1.000000 1 25 1.000000
0  5.749444 -31.130796 40.595245  -0.641446 -0.435885 0.631310  0.000000 0.000000 1 25 1.000000
0  1.153162 -22.987507 41.547661  -0.641416 -0.435872 0.631349  1.000000 1.000000 1 25 1.000000
flood_fronds
0  1.153162 -22.987507 41.547661  -0.641416 -0.435872 0.631349  1.000000 1.000000 1 25 1.000000
0  5.749444 -31.130796 40.595245  -0.641446 -0.435885 0.631310  0.000000 0.000000 1 25 1.000000
0  3.949582 -23.708754 43.890488  -0.641388 -0.435861 0.631385  1.000000 0.000000 1 25 1.000000
flood_fronds
0  1.257938 -31.071383 38.984810  0.077768 -0.443860 0.892715  0.000000 1.000000 1 25 1.000000
0  6.340861 -30.201599 38.974480  0.077865 -0.443791 0.892741  0.000000 0.000000 1 25 1.000000
0  0.729388 -23.657591 42.717007  0.078000 -0.443695 0.892777  1.000000 1.000000 1 25 1.000000
flood_fronds
0  6.340861 -30.201599 38.974480  0.077865 -0.443791 0.892741  0.000000 0.000000 1 25 1.000000
0  4.394311 -23.028767 42.708748  0.078125 -0.443607 0.892810  1.000000 0.000000 1 25 1.000000
0  0.729388 -23.657591 42.717007  0.078000 -0.443695 0.892777  1.000000 1.000000 1 25 1.000000
flood_fronds
0  1.257938 -31.071383 38.984810  0.077768 -0.443860 0.892715  0.000000 1.000000 1 25 1.000000
0  6.340861 -30.201599 38.974480  0.077865 -0.443791 0.892741  0.000000 0.000000 1 25 1.000000
0  0.729388 -23.657591 42.717007  0.078000 -0.443695 0.892777  1.000000 1.000000 1 25 1.000000
flood_fronds
0  0.729388 -23.657591 42.717007  0.078000 -0.443695 0.892777  1.000000 1.000000 1 25 1.000000
0  6.340861 -30.201599 38.974480  0.077865 -0.443791 0.892741  0.000000 0.000000 1 25 1.000000
0  4.394311 -23.028767 42.708748  0.078125 -0.443606 0.892810  1.000000 0.000000 1 25 1.000000
flood_fronds
0  4.022926 -31.776127 41.308006  -0.984938 -0.172906 0.000013  0.000000 1.000000 1 25 1.000000
0  2.685256 -24.156023 44.359467  -0.984960 -0.172784 -0.000075  1.000000 1.000000 1 25 1.000000
0  3.624769 -29.508415 36.693634  -0.984947 -0.172855 -0.000024  0.000000 0.000000 1 25 1.000000
flood_fronds
0  3.624769 -29.508415 36.693634  -0.984947 -0.172855 -0.000024  0.000000 0.000000 1 25 1.000000
0  2.685256 -24.156023 44.359467  -0.984960 -0.172784 -0.000075  1.000000 1.000000 1 25 1.000000
0  2.398861 -22.520432 41.032196  -0.984971 -0.172719 -0.000122  1.000000 0.000000 1 25 1.000000
flood_fronds
0  4.022926 -31.776127 41.308006  -0.984938 -0.172906 0.000013  0.000000 1.000000 1 25 1.000000
0  2.685256 -24.156023 44.359467  -0.984960 -0.172784 -0.000075  1.000000 1.000000 1 25 1.000000
0  3.624769 -29.508415 36.693634  -0.984947 -0.172855 -0.000024  0.000000 0.000000 1 25 1.000000
flood_fronds
0  2.685256 -24.156023 44.359467  -0.984960 -0.172784 -0.000075  1.000000 1.000000 1 25 1.000000
0  2.398861 -22.520432 41.032196  -0.984971 -0.172719 -0.000122  1.000000 0.000000 1 25 1.000000
0  3.624769 -29.508415 36.693634  -0.984947 -0.172855 -0.000024  0.000000 0.000000 1 25 1.000000
flood_fronds
0  1.410452 -31.937868 42.446365  0.005227 -0.030600 0.999518  0.000000 1.000000 1 25 1.000000
0  6.493374 -31.069735 42.446365  0.005229 -0.030598 0.999518  0.000000 0.000000 1 25 1.000000
0  0.728224 -23.652639 42.703579  0.005231 -0.030595 0.999518  1.000000 1.000000 1 25 1.000000
flood_fronds
0  6.493374 -31.069735 42.446365  0.005229 -0.030598 0.999518  0.000000 0.000000 1 25 1.000000
0  4.393147 -23.025467 42.703579  0.005234 -0.030593 0.999518  1.000000 0.000000 1 25 1.000000
0  0.728224 -23.652639 42.703579  0.005231 -0.030595 0.999518  1.000000 1.000000 1 25 1.000000
flood_fronds
0  1.410452 -31.937868 42.446365  0.005227 -0.030600 0.999518  0.000000 1.000000 1 25 1.000000
0  6.493374 -31.069735 42.446365  0.005229 -0.030598 0.999518  0.000000 0.000000 1 25 1.000000
0  0.728224 -23.652639 42.703579  0.005231 -0.030595 0.999518  1.000000 1.000000 1 25 1.000000
flood_fronds
0  0.728224 -23.652639 42.703579  0.005231 -0.030595 0.999518  1.000000 1.000000 1 25 1.000000
0  6.493374 -31.069735 42.446365  0.005229 -0.030598 0.999518  0.000000 0.000000 1 25 1.000000
0  4.393147 -23.025467 42.703579  0.005233 -0.030593 0.999518  1.000000 0.000000 1 25 1.000000
flood_fronds
0  0.865602 -28.835032 36.206062  0.135680 -0.773792 0.618738  0.000000 1.000000 1 25 1.000000
0  5.948525 -27.958647 36.187469  0.135659 -0.773802 0.618730  0.000000 0.000000 1 25 1.000000
0  0.729388 -23.655939 42.712879  0.135631 -0.773817 0.618718  1.000000 1.000000 1 25 1.000000
flood_fronds
0  0.729388 -23.655939 42.712879  0.135631 -0.773817 0.618718  1.000000 1.000000 1 25 1.000000
0  5.948525 -27.958647 36.187469  0.135659 -0.773802 0.618730  0.000000 0.000000 1 25 1.000000
0  4.393147 -23.023815 42.700481  0.135604 -0.773830 0.618707  1.000000 0.000000 1 25 1.000000
flood_fronds
0  0.865602 -28.835032 36.206062  0.135680 -0.773792 0.618738  0.000000 1.000000 1 25 1.000000
0  5.948525 -27.958647 36.187469  0.135659 -0.773802 0.618730  0.000000 0.000000 1 25 1.000000
0  0.729388 -23.655939 42.712879  0.135631 -0.773817 0.618718  1.000000 1.000000 1 25 1.000000
flood_fronds
0  5.948525 -27.958647 36.187469  0.135659 -0.773802 0.618730  0.000000 0.000000 1 25 1.000000
0  4.393147 -23.023815 42.700481  0.135605 -0.773830 0.618707  1.000000 0.000000 1 25 1.000000
0  0.729388 -23.655939 42.712879  0.135631 -0.773817 0.618718  1.000000 1.000000 1 25 1.000000
flood_fronds
0  0.034358 -29.401133 37.024189  -0.957865 0.215077 0.190357  0.000000 1.000000 1 25 1.000000
0  0.429023 -31.710112 41.618938  -0.957871 0.215076 0.190329  0.000000 0.000000 1 25 1.000000
0  2.383726 -22.531984 41.084885  -0.957879 0.215076 0.190289  1.000000 1.000000 1 25 1.000000
flood_fronds
0  0.429023 -31.710112 41.618938  -0.957871 0.215076 0.190329  0.000000 0.000000 1 25 1.000000
0  2.667793 -24.197285 44.397686  -0.957887 0.215075 0.190252  1.000000 0.000000 1 25 1.000000
0  2.383726 -22.531984 41.084885  -0.957879 0.215076 0.190289  1.000000 1.000000 1 25 1.000000
flood_fronds
0  0.034358 -29.401133 37.024189  -0.957865 0.215077 0.190357  0.000000 1.000000 1 25 1.000000
0  0.429023 -31.710112 41.618938  -0.957871 0.215076 0.190329  0.000000 0.000000 1 25 1.000000
0  2.383726 -22.531984 41.084885  -0.957879 0.215076 0.190289  1.000000 1.000000 1 25 1.000000
flood_fronds
0  2.383726 -22.531984 41.084885  -0.957879 0.215076 0.190289  1.000000 1.000000 1 25 1.000000
0  0.429023 -31.710112 41.618938  -0.957871 0.215076 0.190329  0.000000 0.000000 1 25 1.000000
0  2.667793 -24.197285 44.397686  -0.957887 0.215075 0.190252  1.000000 0.000000 1 25 1.000000
flood_fronds
0  6.919472 -28.193005 37.024189  -0.827529 -0.528155 -0.190386  0.000000 1.000000 1 25 1.000000
0  7.333932 -30.498684 41.618938  -0.827522 -0.528154 -0.190423  0.000000 0.000000 1 25 1.000000
0  2.373249 -22.533634 41.084885  -0.827512 -0.528152 -0.190474  1.000000 1.000000 1 25 1.000000
flood_fronds
0  2.373249 -22.533634 41.084885  -0.827512 -0.528152 -0.190474  1.000000 1.000000 1 25 1.000000
0  7.333932 -30.498684 41.618938  -0.827522 -0.528154 -0.190423  0.000000 0.000000 1 25 1.000000
0  2.671286 -24.195635 44.397686  -0.827502 -0.528149 -0.190521  1.000000 0.000000 1 25 1.000000
flood_fronds
0  6.919472 -28.193005 37.024189  -0.827529 -0.528155 -0.190386  0.000000 1.000000 1 25 1.000000
0  7.333932 -30.498684 41.618938  -0.827522 -0.528154 -0.190423  0.000000 0.000000 1 25 1.000000
0  2.373249 -22.533634 41.084885  -0.827512 -0.528151 -0.190474  1.000000 1.000000 1 25 1.000000
flood_fronds
0  7.333932 -30.498684 41.618938  -0.827522 -0.528154 -0.190423  0.000000 0.000000 1 25 1.000000
0  2.671286 -24.195635 44.397686  -0.827502 -0.528149 -0.190521  1.000000 0.000000 1 25 1.000000
0  2.373249 -22.533634 41.084885  -0.827512 -0.528151 -0.190474  1.000000 1.000000 1 25 1.000000
flood_fronds
0  -1.901716 -30.145483 37.349583  0.641488 -0.435996 0.631190  0.000000 1.000000 1 26 1.000000
0  -1.167102 -22.999060 41.539394  0.641300 -0.435917 0.631435  1.000000 1.000000 1 26 1.000000
0  -5.777358 -31.134098 40.605572  0.641409 -0.435963 0.631293  0.000000 0.000000 1 26 1.000000
flood_fronds
0  -5.777358 -31.134098 40.605572  0.641409 -0.435963 0.631293  0.000000 0.000000 1 26 1.000000
0  -1.167102 -22.999060 41.539394  0.641300 -0.435917 0.631435  1.000000 1.000000 1 26 1.000000
0  -3.962361 -23.710403 43.886353  0.641199 -0.435875 0.631566  1.000000 0.000000 1 26 1.000000
flood_fronds
0  -1.901716 -30.145483 37.349583  0.641488 -0.435996 0.631190  0.000000 1.000000 1 26 1.000000
0  -1.167102 -22.999060 41.539394  0.641300 -0.435917 0.631435  1.000000 1.000000 1 26 1.000000
0  -5.777358 -31.134098 40.605572  0.641409 -0.435963 0.631293  0.000000 0.000000 1 26 1.000000
flood_fronds
0  -1.167102 -22.999060 41.539394  0.641300 -0.435917 0.631435  1.000000 1.000000 1 26 1.000000
0  -3.962361 -23.710403 43.886353  0.641200 -0.435875 0.631566  1.000000 0.000000 1 26 1.000000
0  -5.777358 -31.134098 40.605572  0.641409 -0.435963 0.631293  0.000000 0.000000 1 26 1.000000
flood_fronds
0  -5.504933 -29.503464 37.346485  -0.751527 -0.191496 0.631298  0.000000 1.000000 1 26 1.000000
0  -2.199753 -31.764572 40.595245  -0.751542 -0.191497 0.631279  0.000000 0.000000 1 26 1.000000
0  -3.749310 -22.543537 41.547661  -0.751564 -0.191498 0.631253  1.000000 1.000000 1 26 1.000000
flood_fronds
0  -2.199753 -31.764572 40.595245  -0.751542 -0.191497 0.631279  0.000000 0.000000 1 26 1.000000
0  -1.366180 -24.174177 43.890488  -0.751584 -0.191499 0.631228  1.000000 0.000000 1 26 1.000000
0  -3.749310 -22.543537 41.547661  -0.751564 -0.191498 0.631253  1.000000 1.000000 1 26 1.000000
flood_fronds
0  -5.504933 -29.503464 37.346485  -0.751527 -0.191496 0.631298  0.000000 1.000000 1 26 1.000000
0  -2.199753 -31.764572 40.595245  -0.751542 -0.191497 0.631279  0.000000 0.000000 1 26 1.000000
0  -3.749310 -22.543537 41.547661  -0.751564 -0.191498 0.631253  1.000000 1.000000 1 26 1.000000
flood_fronds
0  -3.749310 -22.543537 41.547661  -0.751564 -0.191498 0.631253  1.000000 1.000000 1 26 1.000000
0  -2.199753 -31.764572 40.595245  -0.751542 -0.191497 0.631279  0.000000 0.000000 1 26 1.000000
0  -1.366180 -24.174177 43.890488  -0.751584 -0.191499 0.631229  1.000000 0.000000 1 26 1.000000
flood_fronds
0  -4.043854 -31.784380 41.308006  0.984960 -0.172785 0.000075  0.000000 1.000000 1 26 1.000000
0  -3.645695 -29.516666 36.693634  0.984955 -0.172810 0.000093  0.000000 0.000000 1 26 1.000000
0  -2.707345 -24.164276 44.359467  0.984949 -0.172845 0.000118  1.000000 1.000000 1 26 1.000000
flood_fronds
0  -3.645695 -29.516666 36.693634  0.984955 -0.172810 0.000093  0.000000 0.000000 1 26 1.000000
0  -2.419786 -22.528685 41.032196  0.984943 -0.172878 0.000142  1.000000 0.000000 1 26 1.000000
0  -2.707345 -24.164276 44.359467  0.984949 -0.172845 0.000118  1.000000 1.000000 1 26 1.000000
flood_fronds
0  -4.043854 -31.784380 41.308006  0.984960 -0.172785 0.000075  0.000000 1.000000 1 26 1.000000
0  -3.645695 -29.516666 36.693634  0.984955 -0.172810 0.000093  0.000000 0.000000 1 26 1.000000
0  -2.707345 -24.164276 44.359467  0.984949 -0.172845 0.000118  1.000000 1.000000 1 26 1.000000
flood_fronds
0  -2.707345 -24.164276 44.359467  0.984949 -0.172845 0.000118  1.000000 1.000000 1 26 1.000000
0  -3.645695 -29.516666 36.693634  0.984955 -0.172810 0.000093  0.000000 0.000000 1 26 1.000000
0  -2.419786 -22.528685 41.032196  0.984943 -0.172878 0.000142  1.000000 0.000000 1 26 1.000000
flood_fronds
0  -6.555046 -31.046629 42.446365  -0.005505 -0.030550 0.999518  0.000000 1.000000 1 26 1.000000
0  -1.480273 -31.960974 42.446365  -0.005503 -0.030549 0.999518  0.000000 0.000000 1 26 1.000000
0  -4.375652 -23.023815 42.703579  -0.005500 -0.030548 0.999518  1.000000 1.000000 1 26 1.000000
flood_fronds
0  -1.480273 -31.960974 42.446365  -0.005503 -0.030549 0.999518  0.000000 0.000000 1 26 1.000000
0  -0.716554 -23.682346 42.703579  -0.005497 -0.030547 0.999518  1.000000 0.000000 1 26 1.000000
0  -4.375652 -23.023815 42.703579  -0.005500 -0.030548 0.999518  1.000000 1.000000 1 26 1.000000
flood_fronds
0  -6.555046 -31.046629 42.446365  -0.005505 -0.030550 0.999518  0.000000 1.000000 1 26 1.000000
0  -1.480273 -31.960974 42.446365  -0.005503 -0.030549 0.999518  0.000000 0.000000 1 26 1.000000
0  -4.375652 -23.023815 42.703579  -0.005500 -0.030548 0.999518  1.000000 1.000000 1 26 1.000000
flood_fronds
0  -4.375652 -23.023815 42.703579  -0.005500 -0.030548 0.999518  1.000000 1.000000 1 26 1.000000
0  -1.480273 -31.960974 42.446365  -0.005503 -0.030549 0.999518  0.000000 0.000000 1 26 1.000000
0  -0.716554 -23.682346 42.703579  -0.005497 -0.030547 0.999518  1.000000 0.000000 1 26 1.000000
flood_fronds
0  -6.011362 -27.943792 36.206062  -0.135837 -0.773834 0.618651  0.000000 1.000000 1 26 1.000000
0  -0.934260 -28.849884 36.187469  -0.135808 -0.773830 0.618663  0.000000 0.000000 1 26 1.000000
0  -4.376816 -23.028767 42.712879  -0.135768 -0.773824 0.618679  1.000000 1.000000 1 26 1.000000
flood_fronds
0  -4.376816 -23.028767 42.712879  -0.135768 -0.773824 0.618679  1.000000 1.000000 1 26 1.000000
0  -0.934260 -28.849884 36.187469  -0.135808 -0.773830 0.618663  0.000000 0.000000 1 26 1.000000
0  -0.716554 -23.680696 42.700481  -0.135731 -0.773819 0.618694  1.000000 0.000000 1 26 1.000000
flood_fronds
0  -6.011362 -27.943792 36.206062  -0.135837 -0.773834 0.618651  0.000000 1.000000 1 26 1.000000
0  -0.934260 -28.849884 36.187469  -0.135808 -0.773830 0.618663  0.000000 0.000000 1 26 1.000000
0  -4.376816 -23.028767 42.712879  -0.135767 -0.773824 0.618679  1.000000 1.000000 1 26 1.000000
flood_fronds
0  -0.934260 -28.849884 36.187469  -0.135808 -0.773830 0.618663  0.000000 0.000000 1 26 1.000000
0  -0.716554 -23.680696 42.700481  -0.135730 -0.773819 0.618694  1.000000 0.000000 1 26 1.000000
0  -4.376816 -23.028767 42.712879  -0.135767 -0.773824 0.618679  1.000000 1.000000 1 26 1.000000
flood_fronds
0  -6.984638 -28.193005 37.024189  0.827529 -0.528155 -0.190387  0.000000 1.000000 1 26 1.000000
0  -2.438414 -22.533634 41.084885  0.827548 -0.528161 -0.190287  1.000000 1.000000 1 26 1.000000
0  -7.399096 -30.498684 41.618938  0.827537 -0.528158 -0.190345  0.000000 0.000000 1 26 1.000000
flood_fronds
0  -7.399096 -30.498684 41.618938  0.827537 -0.528158 -0.190345  0.000000 0.000000 1 26 1.000000
0  -2.438414 -22.533634 41.084885  0.827548 -0.528161 -0.190287  1.000000 1.000000 1 26 1.000000
0  -2.737615 -24.195635 44.397686  0.827559 -0.528165 -0.190233  1.000000 0.000000 1 26 1.000000
flood_fronds
0  -6.984638 -28.193005 37.024189  0.827529 -0.528155 -0.190387  0.000000 1.000000 1 26 1.000000
0  -2.438414 -22.533634 41.084885  0.827548 -0.528162 -0.190287  1.000000 1.000000 1 26 1.000000
0  -7.399096 -30.498684 41.618938  0.827537 -0.528158 -0.190345  0.000000 0.000000 1 26 1.000000
flood_fronds
0  -2.438414 -22.533634 41.084885  0.827548 -0.528162 -0.190287  1.000000 1.000000 1 26 1.000000
0  -2.737615 -24.195635 44.397686  0.827559 -0.528165 -0.190233  1.000000 0.000000 1 26 1.000000
0  -7.399096 -30.498684 41.618938  0.827537 -0.528158 -0.190345  0.000000 0.000000 1 26 1.000000
flood_fronds
0  -0.099525 -29.401133 37.024189  0.957854 0.214963 0.190542  0.000000 1.000000 1 26 1.000000
0  -2.448891 -22.531984 41.084885  0.957856 0.214963 0.190534  1.000000 1.000000 1 26 1.000000
0  -0.495354 -31.710112 41.618938  0.957855 0.214963 0.190539  0.000000 0.000000 1 26 1.000000
flood_fronds
0  -2.448891 -22.531984 41.084885  0.957856 0.214963 0.190534  1.000000 1.000000 1 26 1.000000
0  -2.734122 -24.197285 44.397686  0.957857 0.214963 0.190530  1.000000 0.000000 1 26 1.000000
0  -0.495354 -31.710112 41.618938  0.957855 0.214963 0.190539  0.000000 0.000000 1 26 1.000000
flood_fronds
0  -0.099525 -29.401133 37.024189  0.957854 0.214963 0.190542  0.000000 1.000000 1 26 1.000000
0  -2.448891 -22.531984 41.084885  0.957856 0.214963 0.190534  1.000000 1.000000 1 26 1.000000
0  -0.495354 -31.710112 41.618938  0.957855 0.214963 0.190539  0.000000 0.000000 1 26 1.000000
flood_fronds
0  -0.495354 -31.710112 41.618938  0.957855 0.214963 0.190539  0.000000 0.000000 1 26 1.000000
0  -2.448891 -22.531984 41.084885  0.957856 0.214963 0.190534  1.000000 1.000000 1 26 1.000000
0  -2.734122 -24.197285 44.397686  0.957857 0.214963 0.190530  1.000000 0.000000 1 26 1.000000
flood_stalker
0  -0.000567 -16.583782 48.105091  0.000021 -0.800495 -0.599340  0.638651 0.389426 1 23 1.000000
0  -1.069308 -16.696011 47.846844  0.299773 -0.949593 -0.091697  0.642267 0.385977 1 23 1.000000
0  -0.927275 -16.166220 46.992561  0.106362 -0.588874 -0.801196  0.647486 0.391653 1 23 1.000000
flood_stalker
0  -0.927275 -16.166220 46.992561  0.106396 -0.588856 -0.801204  0.647486 0.391653 1 23 1.000000
0  -2.011150 -15.976421 46.896488  -0.206514 -0.342341 -0.916599  0.656916 0.386114 1 23 1.000000
0  -1.926164 -14.864020 46.079395  -0.119147 -0.246788 -0.961717  0.657588 0.401434 1 23 1.000000
flood_stalker
0  -1.926164 -14.864020 46.079395  -0.119147 -0.246788 -0.961717  0.657588 0.401434 1 23 1.000000
0  -2.011150 -15.976421 46.896488  -0.206514 -0.342341 -0.916599  0.656916 0.386114 1 23 1.000000
0  -2.368562 -15.524194 46.409954  -0.126740 -0.527478 -0.840062  0.660197 0.392813 1 23 1.000000
flood_stalker
0  -2.011150 -15.976421 46.896488  -0.206514 -0.342341 -0.916599  0.656916 0.386114 1 23 1.000000
0  -3.473393 -15.819625 46.995659  -0.289359 -0.321015 -0.901788  0.668742 0.385519 2 23 0.500000 29 0.500000
0  -2.368562 -15.524194 46.409954  -0.126740 -0.527478 -0.840062  0.660197 0.392813 1 23 1.000000
flood_stalker
0  -2.368562 -15.524194 46.409954  -0.126740 -0.527478 -0.840062  0.660197 0.392813 1 23 1.000000
0  -3.473393 -15.819625 46.995659  -0.289359 -0.321015 -0.901788  0.668742 0.385519 2 23 0.500000 29 0.500000
0  -3.659667 -14.694020 46.586594  -0.466013 -0.079414 -0.881207  0.670619 0.398978 1 23 1.000000
flood_stalker
0  -3.473393 -15.819625 46.995659  -0.289359 -0.321015 -0.901788  0.668742 0.385519 2 23 0.500000 29 0.500000
0  -5.176627 -12.824069 47.952209  -0.567127 0.044575 -0.822423  0.687465 0.406073 2 22 0.101961 23 0.898039
0  -3.659667 -14.694020 46.586594  -0.466013 -0.079414 -0.881207  0.670619 0.398978 1 23 1.000000
flood_stalker
0  -5.176627 -12.824069 47.952209  -0.567127 0.044575 -0.822423  0.687465 0.406073 2 22 0.101961 23 0.898039
0  -4.282517 -12.426311 47.284897  -0.430965 0.319056 -0.844081  0.678080 0.418921 2 22 0.200000 23 0.800000
0  -3.659667 -14.694020 46.586594  -0.466013 -0.079414 -0.881207  0.670619 0.398978 1 23 1.000000
flood_stalker
0  -4.282517 -12.426311 47.284897  -0.430965 0.319056 -0.844081  0.678080 0.418921 2 22 0.200000 23 0.800000
0  -2.482655 -12.566596 46.745678  -0.137627 0.369738 -0.918887  0.664759 0.420905 2 22 0.200000 23 0.800000
0  -3.659667 -14.694020 46.586594  -0.466013 -0.079414 -0.881207  0.670619 0.398978 1 23 1.000000
flood_stalker
0  -2.482655 -12.566596 46.745678  -0.137627 0.369738 -0.918887  0.664759 0.420905 2 22 0.200000 23 0.800000
0  -1.926164 -14.864020 46.079395  -0.119147 -0.246788 -0.961717  0.657588 0.401434 1 23 1.000000
0  -3.659667 -14.694020 46.586594  -0.466013 -0.079414 -0.881207  0.670619 0.398978 1 23 1.000000
flood_stalker
0  -3.659667 -14.694020 46.586594  -0.466013 -0.079414 -0.881207  0.670619 0.398978 1 23 1.000000
0  -1.926164 -14.864020 46.079395  -0.119147 -0.246788 -0.961717  0.657588 0.401434 1 23 1.000000
0  -2.368562 -15.524194 46.409954  -0.126740 -0.527478 -0.840062  0.660197 0.392813 1 23 1.000000
flood_stalker
0  -0.000567 -10.529952 47.895401  0.000006 0.505213 -0.862994  0.648844 0.443839 2 22 0.698039 23 0.301961
0  -0.000567 -12.772905 46.573162  -0.000010 0.347774 -0.937578  0.647150 0.424079 2 22 0.101961 23 0.898039
0  -2.482655 -12.566596 46.745678  -0.137627 0.369738 -0.918887  0.664759 0.420905 2 22 0.200000 23 0.800000
flood_stalker
0  -2.482655 -12.566596 46.745678  -0.137627 0.369738 -0.918887  0.664759 0.420905 2 22 0.200000 23 0.800000
0  -0.000567 -12.772905 46.573162  -0.000010 0.347774 -0.937578  0.647150 0.424079 2 22 0.101961 23 0.898039
0  -1.926164 -14.864020 46.079395  -0.119147 -0.246788 -0.961717  0.657588 0.401434 1 23 1.000000
flood_stalker
0  -0.000567 -12.772905 46.573162  -0.000010 0.347774 -0.937578  0.647150 0.424079 2 22 0.101961 23 0.898039
0  -0.000567 -15.068671 45.958534  0.000017 -0.052182 -0.998638  0.643870 0.406653 1 23 1.000000
0  -1.926164 -14.864020 46.079395  -0.119147 -0.246788 -0.961717  0.657588 0.401434 1 23 1.000000
flood_stalker
0  -0.000567 -15.068671 45.958534  0.000017 -0.052182 -0.998638  0.643870 0.406653 1 23 1.000000
0  -0.000567 -16.182722 46.387230  0.000001 -0.601657 -0.798754  0.641291 0.398901 1 23 1.000000
0  -1.926164 -14.864020 46.079395  -0.119147 -0.246788 -0.961717  0.657588 0.401434 1 23 1.000000
flood_stalker
0  -1.926164 -14.864020 46.079395  -0.119147 -0.246788 -0.961717  0.657588 0.401434 1 23 1.000000
0  -0.000567 -16.182722 46.387230  0.000001 -0.601657 -0.798754  0.641291 0.398901 1 23 1.000000
0  -0.927275 -16.166220 46.992561  0.106404 -0.588874 -0.801190  0.647486 0.391653 1 23 1.000000
flood_stalker
0  -0.000567 -16.182722 46.387230  0.000001 -0.601657 -0.798754  0.641291 0.398901 1 23 1.000000
0  -0.000567 -16.882513 46.987396  0.000023 -0.944822 -0.327585  0.638895 0.393576 1 23 1.000000
0  -0.927275 -16.166220 46.992561  0.106404 -0.588874 -0.801190  0.647486 0.391653 1 23 1.000000
flood_stalker
0  -0.927275 -16.166220 46.992561  0.106404 -0.588874 -0.801190  0.647486 0.391653 1 23 1.000000
0  -0.000567 -16.882513 46.987396  0.000023 -0.944822 -0.327585  0.638895 0.393576 1 23 1.000000
0  -0.000567 -16.583782 48.105091  0.000005 -0.800501 -0.599331  0.638651 0.389426 1 23 1.000000
flood_stalker
0  -0.000567 -10.529952 47.895401  0.000002 0.505216 -0.862993  0.648844 0.443839 2 22 0.698039 23 0.301961
0  -2.482655 -12.566596 46.745678  -0.137627 0.369738 -0.918887  0.664759 0.420905 2 22 0.200000 23 0.800000
0  -2.701525 -10.341799 48.042088  -0.172922 0.499712 -0.848755  0.667735 0.442695 2 22 0.698039 23 0.301961
flood_stalker
0  -2.482655 -12.566596 46.745678  -0.137627 0.369738 -0.918887  0.664759 0.420905 2 22 0.200000 23 0.800000
0  -4.282517 -12.426311 47.284897  -0.430965 0.319056 -0.844081  0.678080 0.418921 2 22 0.200000 23 0.800000
0  -2.701525 -10.341799 48.042088  -0.172922 0.499712 -0.848755  0.667735 0.442695 2 22 0.698039 23 0.301961
flood_stalker
0  -2.701525 -10.341799 48.042088  -0.172922 0.499712 -0.848755  0.667735 0.442695 2 22 0.698039 23 0.301961
0  -4.282517 -12.426311 47.284897  -0.430965 0.319056 -0.844081  0.678080 0.418921 2 22 0.200000 23 0.800000
0  -4.978711 -10.581116 48.690804  -0.471037 0.586584 -0.658820  0.686091 0.439796 2 22 0.600000 23 0.400000
flood_stalker
0  -4.282517 -12.426311 47.284897  -0.430965 0.319056 -0.844081  0.678080 0.418921 2 22 0.200000 23 0.800000
0  -5.907749 -11.181875 48.957317  -0.670703 0.480892 -0.564712  0.694652 0.425711 2 22 0.301961 23 0.698039
0  -4.978711 -10.581116 48.690804  -0.471037 0.586584 -0.658820  0.686091 0.439796 2 22 0.600000 23 0.400000
flood_stalker
0  -4.978711 -10.581116 48.690804  -0.471037 0.586584 -0.658820  0.686091 0.439796 2 22 0.600000 23 0.400000
0  -5.907749 -11.181875 48.957317  -0.670703 0.480892 -0.564712  0.694652 0.425711 2 22 0.301961 23 0.698039
0  -6.350147 -10.577817 51.348694  -0.636123 0.751464 -0.175070  0.707012 0.446921 2 22 0.698039 23 0.301961
flood_stalker
0  -5.907749 -11.181875 48.957317  -0.670703 0.480892 -0.564712  0.694652 0.425711 2 22 0.301961 23 0.698039
