version 1
nodes
0 "blender_implicit" -1
1 "pelvis" -1
2 "l_thigh" 1
3 "l_calf" 2
4 "l_foot" 3
5 "r_thigh" 1
6 "r_calf" 5
7 "r_foot" 6
8 "spine" 1
9 "spine1" 8
10 "corpse_head" 9
11 "corpse_jaw" 10
12 "head" 9
13 "tendril1" 12
14 "tendril2" 12
15 "tendril3" 12
16 "l_clavicle" 9
17 "l_upperarm" 16
18 "l_forearm" 17
19 "l_claw3_01" 18
20 "l_claw3_02" 19
21 "l_claw_base" 18
22 "l_claw1_01" 21
23 "l_claw1_02" 22
24 "l_claw2_01" 21
25 "l_claw2_02" 24
26 "l_hand" 18
27 "l_shoulder_mass" 9
28 "r_clavicle" 9
29 "r_upperarm" 28
30 "r_forearm" 29
31 "r_hand" 30
32 "r_index1" 31
33 "r_ring1" 31
34 "r_thumb1" 31
end
skeleton
time 0
0  0.000000 0.000000 0.000000  0.000000 -0.000000 0.000000
1  -0.820539 -0.000006 36.434952  -1.570792 -1.570796 0.000000
2  -0.000005 0.000005 3.604924  -0.157497 -3.068775 -0.070163
3  16.032738 -0.000078 0.000069  0.000000 -0.000004 -0.256410
4  15.601483 0.000010 -0.000000  -0.116739 -0.060715 0.175552
5  0.000005 -0.000003 -3.604928  0.157501 3.068786 -0.070164
6  16.032722 -0.000103 0.000113  0.000001 -0.000011 -0.256410
7  15.601477 0.000046 -0.000053  0.116742 0.060717 0.175548
8  3.449280 -0.003798 0.000002  -0.000004 0.000001 -0.077746
9  4.784152 -0.007379 0.000009  -0.000000 -0.000008 0.104726
10  13.366700 -2.288037 -2.787215  0.162378 -0.227585 -0.013386
11  2.099931 -2.540902 -0.322104  -0.000000 0.000004 0.000000
12  9.455270 4.369545 2.487768  -0.000010 -0.000004 0.000000
13  1.207864 4.988029 0.002850  0.000004 0.000007 -0.553888
14  -0.555638 4.988052 -1.549210  -0.226891 0.000014 -0.504413
15  -0.558224 4.988019 1.313427  0.226898 0.000013 -0.504413
16  6.616279 0.174659 1.299972  -0.347586 -1.438755 -2.797587
17  4.971869 -0.000001 -0.000183  -0.000383 0.762159 -0.098747
18  10.706235 -0.000065 0.001225  0.000043 0.000128 -0.337605
19  5.669929 -3.284308 0.241080  0.000072 -0.006044 -0.263496
20  5.112405 -0.000223 0.001018  -0.000049 0.304707 0.169144
21  7.868367 0.587861 2.446617  0.000006 -0.000004 -0.000011
22  6.840687 -0.728510 -0.089914  0.422870 -0.224374 0.114605
23  9.796543 0.000162 0.002082  -0.000031 0.742670 -0.000012
24  4.178320 3.282238 2.586541  -0.377788 -0.116297 0.517921
25  7.527402 -0.000183 0.001723  0.000009 0.711047 -0.000001
26  9.706349 -0.000372 0.002315  -1.630560 0.104793 0.096659
27  10.961794 -1.547128 3.549323  0.000006 0.000013 -0.000018
28  6.616266 0.174666 -1.300028  0.347517 1.438723 -2.797671
29  4.971863 -0.000003 -0.000022  -0.084027 -0.761220 -0.089269
30  10.706358 -0.000050 0.000564  0.000018 0.000084 -0.337609
31  9.706509 -0.000063 0.001323  1.630521 -0.105119 0.096600
32  3.200881 -0.316927 0.957831  -0.088549 -0.045882 0.265470
33  3.200843 -0.474951 -0.335635  0.137155 0.160854 0.599817
34  1.857121 0.648111 1.491973  0.000016 -0.000015 0.579273
end
triangles
flood_fronds
0  15.332084 5.668442 59.020859  0.542935 -0.825869 0.152193  1.000000 0.000000 1 15 1.000000
0  16.639067 5.887403 55.546494  0.542918 -0.825877 0.152211  1.000000 1.000000 1 15 1.000000
0  21.399595 10.272726 62.360435  0.542900 -0.825885 0.152230  0.000000 0.000000 1 15 1.000000
flood_fronds
0  21.399595 10.272726 62.360435  0.542900 -0.825885 0.152230  0.000000 0.000000 1 15 1.000000
0  16.639067 5.887403 55.546494  0.542918 -0.825877 0.152211  1.000000 1.000000 1 15 1.000000
0  23.212610 10.576308 57.542259  0.542887 -0.825891 0.152243  0.000000 1.000000 1 15 1.000000
flood_fronds
0  15.332084 5.668442 59.020859  0.542935 -0.825869 0.152193  1.000000 0.000000 1 15 1.000000
0  16.639067 5.887403 55.546494  0.542918 -0.825877 0.152211  1.000000 1.000000 1 15 1.000000
0  21.399595 10.272726 62.360435  0.542900 -0.825885 0.152230  0.000000 0.000000 1 15 1.000000
flood_fronds
0  16.639067 5.887403 55.546494  0.542918 -0.825877 0.152211  1.000000 1.000000 1 15 1.000000
0  23.212610 10.576308 57.542259  0.542886 -0.825891 0.152243  0.000000 1.000000 1 15 1.000000
0  21.399595 10.272726 62.360435  0.542900 -0.825885 0.152230  0.000000 0.000000 1 15 1.000000
flood_fronds
0  15.365275 1.106030 60.721092  -0.260149 0.707160 0.657455  1.000000 0.000000 1 13 1.000000
0  22.883961 0.600065 64.240387  -0.260182 0.707130 0.657475  0.000000 0.000000 1 13 1.000000
0  16.333271 3.735306 58.276062  -0.260165 0.707146 0.657464  1.000000 1.000000 1 13 1.000000
flood_fronds
0  16.333271 3.735306 58.276062  -0.260165 0.707146 0.657464  1.000000 1.000000 1 13 1.000000
0  22.883961 0.600065 64.240387  -0.260182 0.707130 0.657475  0.000000 0.000000 1 13 1.000000
0  24.226309 4.246504 60.849888  -0.260194 0.707118 0.657482  0.000000 1.000000 1 13 1.000000
flood_fronds
0  15.365275 1.106030 60.721092  -0.260149 0.707160 0.657455  1.000000 0.000000 1 13 1.000000
0  22.883961 0.600065 64.240387  -0.260182 0.707130 0.657475  0.000000 0.000000 1 13 1.000000
0  16.333271 3.735306 58.276062  -0.260164 0.707146 0.657464  1.000000 1.000000 1 13 1.000000
flood_fronds
0  22.883961 0.600065 64.240387  -0.260182 0.707130 0.657475  0.000000 0.000000 1 13 1.000000
0  24.226309 4.246504 60.849888  -0.260194 0.707118 0.657482  0.000000 1.000000 1 13 1.000000
0  16.333271 3.735306 58.276062  -0.260164 0.707146 0.657464  1.000000 1.000000 1 13 1.000000
flood_fronds
0  24.222500 0.586980 60.839905  -0.260159 -0.707103 0.657513  0.000000 1.000000 1 13 1.000000
0  22.893211 4.233418 64.235397  -0.260138 -0.707123 0.657500  0.000000 0.000000 1 13 1.000000
0  16.325653 1.113009 58.281059  -0.260108 -0.707150 0.657482  1.000000 1.000000 1 13 1.000000
flood_fronds
0  22.893211 4.233418 64.235397  -0.260138 -0.707123 0.657500  0.000000 0.000000 1 13 1.000000
0  15.367453 3.742285 60.730083  -0.260081 -0.707175 0.657466  1.000000 0.000000 1 13 1.000000
0  16.325653 1.113009 58.281059  -0.260108 -0.707150 0.657482  1.000000 1.000000 1 13 1.000000
flood_fronds
0  24.222500 0.586980 60.839905  -0.260159 -0.707103 0.657513  0.000000 1.000000 1 13 1.000000
0  22.893211 4.233418 64.235397  -0.260137 -0.707123 0.657500  0.000000 0.000000 1 13 1.000000
0  16.325653 1.113009 58.281059  -0.260108 -0.707150 0.657482  1.000000 1.000000 1 13 1.000000
flood_fronds
0  16.325653 1.113009 58.281059  -0.260108 -0.707150 0.657482  1.000000 1.000000 1 13 1.000000
0  22.893211 4.233418 64.235397  -0.260137 -0.707123 0.657500  0.000000 0.000000 1 13 1.000000
0  15.367453 3.742285 60.730083  -0.260081 -0.707175 0.657466  1.000000 0.000000 1 13 1.000000
flood_fronds
0  23.542891 -0.180692 62.543137  -0.368005 -0.000067 0.929824  0.000000 1.000000 1 13 1.000000
0  23.564659 4.976665 62.552124  -0.367990 -0.000099 0.929830  0.000000 0.000000 1 13 1.000000
0  15.841383 0.579129 59.495087  -0.367968 -0.000144 0.929838  1.000000 1.000000 1 13 1.000000
flood_fronds
0  23.564659 4.976665 62.552124  -0.367990 -0.000099 0.929830  0.000000 0.000000 1 13 1.000000
0  15.857162 4.297974 59.502071  -0.367948 -0.000185 0.929846  1.000000 0.000000 1 13 1.000000
0  15.841383 0.579129 59.495087  -0.367968 -0.000144 0.929838  1.000000 1.000000 1 13 1.000000
flood_fronds
0  23.542891 -0.180692 62.543137  -0.368005 -0.000067 0.929824  0.000000 1.000000 1 13 1.000000
0  23.564659 4.976665 62.552124  -0.367990 -0.000099 0.929830  0.000000 0.000000 1 13 1.000000
0  15.841383 0.579129 59.495087  -0.367968 -0.000144 0.929838  1.000000 1.000000 1 13 1.000000
flood_fronds
0  15.841383 0.579129 59.495087  -0.367968 -0.000144 0.929838  1.000000 1.000000 1 13 1.000000
0  23.564659 4.976665 62.552124  -0.367990 -0.000099 0.929830  0.000000 0.000000 1 13 1.000000
0  15.857162 4.297974 59.502071  -0.367948 -0.000185 0.929846  1.000000 0.000000 1 13 1.000000
flood_fronds
0  22.585783 2.420667 64.962212  0.000000 1.000000 0.000000  0.000000 1.000000 1 13 1.000000
0  24.504902 2.420668 60.175980  0.000000 1.000000 0.000000  0.000000 0.000000 1 13 1.000000
0  15.164493 2.420668 61.206310  0.000000 1.000000 0.000000  1.000000 1.000000 1 13 1.000000
flood_fronds
0  24.504902 2.420668 60.175980  0.000000 1.000000 0.000000  0.000000 0.000000 1 13 1.000000
0  16.548197 2.420668 57.755913  0.000000 1.000000 -0.000000  1.000000 0.000000 1 13 1.000000
0  15.164493 2.420668 61.206310  0.000000 1.000000 0.000000  1.000000 1.000000 1 13 1.000000
flood_fronds
0  22.585783 2.420667 64.962212  0.000000 1.000000 0.000000  0.000000 1.000000 1 13 1.000000
0  24.504902 2.420668 60.175980  0.000000 1.000000 0.000000  0.000000 0.000000 1 13 1.000000
0  15.164493 2.420668 61.206310  0.000000 1.000000 0.000000  1.000000 1.000000 1 13 1.000000
flood_fronds
0  15.164493 2.420668 61.206310  0.000000 1.000000 0.000000  1.000000 1.000000 1 13 1.000000
0  24.504902 2.420668 60.175980  0.000000 1.000000 0.000000  0.000000 0.000000 1 13 1.000000
0  16.548197 2.420668 57.755913  0.000000 1.000000 0.000000  1.000000 0.000000 1 13 1.000000
flood_fronds
0  21.539978 -0.180692 65.499344  -0.726385 -0.000171 0.687288  0.000000 1.000000 1 13 1.000000
0  21.555758 4.976665 65.517311  -0.726414 -0.000091 0.687257  0.000000 0.000000 1 13 1.000000
0  15.847367 0.579129 59.483105  -0.726455 0.000021 0.687214  1.000000 1.000000 1 13 1.000000
flood_fronds
0  21.555758 4.976665 65.517311  -0.726414 -0.000091 0.687257  0.000000 0.000000 1 13 1.000000
0  15.859339 4.297974 59.495087  -0.726492 0.000125 0.687175  1.000000 0.000000 1 13 1.000000
0  15.847367 0.579129 59.483105  -0.726455 0.000021 0.687214  1.000000 1.000000 1 13 1.000000
flood_fronds
0  21.539978 -0.180692 65.499344  -0.726385 -0.000171 0.687288  0.000000 1.000000 1 13 1.000000
0  21.555758 4.976665 65.517311  -0.726414 -0.000091 0.687257  0.000000 0.000000 1 13 1.000000
0  15.847367 0.579129 59.483105  -0.726455 0.000021 0.687214  1.000000 1.000000 1 13 1.000000
flood_fronds
0  15.847367 0.579129 59.483105  -0.726455 0.000021 0.687214  1.000000 1.000000 1 13 1.000000
0  21.555758 4.976665 65.517311  -0.726414 -0.000091 0.687257  0.000000 0.000000 1 13 1.000000
0  15.859339 4.297974 59.495087  -0.726492 0.000125 0.687175  1.000000 0.000000 1 13 1.000000
flood_fronds
0  24.111502 -0.180691 58.999889  0.059539 -0.000077 0.998226  0.000000 1.000000 1 13 1.000000
0  24.134899 4.976666 58.998890  0.059528 -0.000056 0.998227  0.000000 0.000000 1 13 1.000000
0  15.843558 0.579129 59.493088  0.059513 -0.000028 0.998228  1.000000 1.000000 1 13 1.000000
flood_fronds
0  15.843558 0.579129 59.493088  0.059513 -0.000028 0.998228  1.000000 1.000000 1 13 1.000000
0  24.134899 4.976666 58.998890  0.059528 -0.000056 0.998227  0.000000 0.000000 1 13 1.000000
0  15.860426 4.297974 59.492088  0.059499 -0.000002 0.998228  1.000000 0.000000 1 13 1.000000
flood_fronds
0  24.111502 -0.180691 58.999889  0.059539 -0.000077 0.998226  0.000000 1.000000 1 13 1.000000
0  24.134899 4.976666 58.998890  0.059529 -0.000056 0.998227  0.000000 0.000000 1 13 1.000000
0  15.843558 0.579129 59.493088  0.059514 -0.000028 0.998227  1.000000 1.000000 1 13 1.000000
flood_fronds
0  24.134899 4.976666 58.998890  0.059529 -0.000056 0.998227  0.000000 0.000000 1 13 1.000000
0  15.860426 4.297974 59.492088  0.059500 -0.000002 0.998228  1.000000 0.000000 1 13 1.000000
0  15.843558 0.579129 59.493088  0.059514 -0.000028 0.998227  1.000000 1.000000 1 13 1.000000
flood_fronds
0  23.774689 -1.097535 59.852505  0.392993 0.906307 0.155447  0.000000 1.000000 1 13 1.000000
0  16.514462 2.403221 57.796841  0.392996 0.906307 0.155444  1.000000 1.000000 1 13 1.000000
0  21.896923 -1.107132 64.655708  0.392994 0.906307 0.155446  0.000000 0.000000 1 13 1.000000
flood_fronds
0  21.896923 -1.107132 64.655708  0.392994 0.906307 0.155446  0.000000 0.000000 1 13 1.000000
0  16.514462 2.403221 57.796841  0.392996 0.906307 0.155444  1.000000 1.000000 1 13 1.000000
0  15.160685 2.396242 61.260216  0.392997 0.906306 0.155443  1.000000 0.000000 1 13 1.000000
flood_fronds
0  23.774689 -1.097535 59.852505  0.392993 0.906307 0.155447  0.000000 1.000000 1 13 1.000000
0  16.514462 2.403221 57.796841  0.392996 0.906306 0.155444  1.000000 1.000000 1 13 1.000000
0  21.896923 -1.107132 64.655708  0.392994 0.906307 0.155446  0.000000 0.000000 1 13 1.000000
flood_fronds
0  16.514462 2.403221 57.796841  0.392996 0.906306 0.155444  1.000000 1.000000 1 13 1.000000
0  15.160685 2.396242 61.260216  0.392997 0.906306 0.155443  1.000000 0.000000 1 13 1.000000
0  21.896923 -1.107132 64.655708  0.392994 0.906307 0.155446  0.000000 0.000000 1 13 1.000000
flood_fronds
0  23.774689 5.892637 59.852505  0.392867 -0.906342 0.155563  0.000000 1.000000 1 13 1.000000
0  21.896923 5.903104 64.655708  0.392903 -0.906332 0.155530  0.000000 0.000000 1 13 1.000000
0  16.514462 2.392753 57.796841  0.392952 -0.906319 0.155484  1.000000 1.000000 1 13 1.000000
flood_fronds
0  16.514462 2.392753 57.796841  0.392952 -0.906319 0.155484  1.000000 1.000000 1 13 1.000000
0  21.896923 5.903104 64.655708  0.392903 -0.906332 0.155530  0.000000 0.000000 1 13 1.000000
0  15.160685 2.399731 61.260216  0.392997 -0.906306 0.155442  1.000000 0.000000 1 13 1.000000
flood_fronds
0  23.774689 5.892637 59.852505  0.392867 -0.906342 0.155563  0.000000 1.000000 1 13 1.000000
0  21.896923 5.903104 64.655708  0.392903 -0.906332 0.155530  0.000000 0.000000 1 13 1.000000
0  16.514462 2.392753 57.796841  0.392952 -0.906319 0.155484  1.000000 1.000000 1 13 1.000000
flood_fronds
0  21.896923 5.903104 64.655708  0.392903 -0.906332 0.155530  0.000000 0.000000 1 13 1.000000
0  15.160685 2.399731 61.260216  0.392997 -0.906306 0.155442  1.000000 0.000000 1 13 1.000000
0  16.514462 2.392753 57.796841  0.392952 -0.906319 0.155484  1.000000 1.000000 1 13 1.000000
flood_fronds
0  24.576181 -0.746849 58.535648  -0.130519 0.740196 0.659602  0.000000 1.000000 1 14 1.000000
0  16.690758 0.098462 56.026714  -0.130516 0.740198 0.659600  1.000000 1.000000 1 14 1.000000
0  22.659782 -4.115880 61.937122  -0.130518 0.740197 0.659601  0.000000 0.000000 1 14 1.000000
flood_fronds
0  22.659782 -4.115880 61.937122  -0.130518 0.740197 0.659601  0.000000 0.000000 1 14 1.000000
0  16.690758 0.098462 56.026714  -0.130516 0.740198 0.659600  1.000000 1.000000 1 14 1.000000
0  15.309230 -2.331044 58.479733  -0.130515 0.740199 0.659599  1.000000 0.000000 1 14 1.000000
flood_fronds
0  24.576181 -0.746849 58.535648  -0.130519 0.740196 0.659602  0.000000 1.000000 1 14 1.000000
0  16.690758 0.098462 56.026714  -0.130516 0.740198 0.659600  1.000000 1.000000 1 14 1.000000
0  22.659782 -4.115880 61.937122  -0.130518 0.740197 0.659601  0.000000 0.000000 1 14 1.000000
flood_fronds
0  16.690758 0.098462 56.026714  -0.130516 0.740198 0.659600  1.000000 1.000000 1 14 1.000000
0  15.309230 -2.331044 58.479733  -0.130515 0.740199 0.659599  1.000000 0.000000 1 14 1.000000
0  22.659782 -4.115880 61.937122  -0.130518 0.740197 0.659601  0.000000 0.000000 1 14 1.000000
flood_fronds
0  23.948809 -4.352290 58.526657  -0.371608 -0.653364 0.659563  0.000000 1.000000 1 14 1.000000
0  23.287701 -0.537484 61.933128  -0.371611 -0.653359 0.659566  0.000000 0.000000 1 14 1.000000
0  16.236959 -2.483706 56.032707  -0.371616 -0.653352 0.659570  1.000000 1.000000 1 14 1.000000
flood_fronds
0  23.287701 -0.537484 61.933128  -0.371611 -0.653359 0.659566  0.000000 0.000000 1 14 1.000000
0  15.760310 0.266826 58.488716  -0.371621 -0.653346 0.659573  1.000000 0.000000 1 14 1.000000
0  16.236959 -2.483706 56.032707  -0.371616 -0.653352 0.659570  1.000000 1.000000 1 14 1.000000
flood_fronds
0  23.948809 -4.352290 58.526657  -0.371608 -0.653364 0.659563  0.000000 1.000000 1 14 1.000000
0  23.287701 -0.537484 61.933128  -0.371611 -0.653359 0.659566  0.000000 0.000000 1 14 1.000000
0  16.236959 -2.483706 56.032707  -0.371616 -0.653352 0.659570  1.000000 1.000000 1 14 1.000000
flood_fronds
0  16.236959 -2.483706 56.032707  -0.371616 -0.653352 0.659570  1.000000 1.000000 1 14 1.000000
0  23.287701 -0.537484 61.933128  -0.371611 -0.653359 0.659566  0.000000 0.000000 1 14 1.000000
0  15.760310 0.266826 58.488716  -0.371621 -0.653346 0.659573  1.000000 0.000000 1 14 1.000000
flood_fronds
0  23.162552 -4.995214 60.234886  -0.355036 0.061311 0.932840  0.000000 1.000000 1 14 1.000000
0  24.063072 0.082759 60.243870  -0.355047 0.061347 0.932834  0.000000 0.000000 1 14 1.000000
0  15.678690 -2.928607 57.250732  -0.355061 0.061397 0.932825  1.000000 1.000000 1 14 1.000000
flood_fronds
0  24.063072 0.082759 60.243870  -0.355047 0.061347 0.932834  0.000000 0.000000 1 14 1.000000
0  16.327829 0.731791 57.256721  -0.355073 0.061443 0.932817  1.000000 0.000000 1 14 1.000000
0  15.678690 -2.928607 57.250732  -0.355061 0.061397 0.932825  1.000000 1.000000 1 14 1.000000
flood_fronds
0  23.162552 -4.995214 60.234886  -0.355036 0.061311 0.932840  0.000000 1.000000 1 14 1.000000
0  24.063072 0.082759 60.243870  -0.355046 0.061347 0.932834  0.000000 0.000000 1 14 1.000000
0  15.678690 -2.928607 57.250732  -0.355060 0.061397 0.932825  1.000000 1.000000 1 14 1.000000
flood_fronds
0  15.678690 -2.928607 57.250732  -0.355060 0.061397 0.932825  1.000000 1.000000 1 14 1.000000
0  24.063072 0.082759 60.243870  -0.355046 0.061347 0.932834  0.000000 0.000000 1 14 1.000000
0  16.327829 0.731791 57.256721  -0.355073 0.061443 0.932817  1.000000 0.000000 1 14 1.000000
flood_fronds
0  22.682091 -2.272598 62.661945  0.170425 0.985371 0.000040  0.000000 1.000000 1 14 1.000000
0  24.534285 -2.592751 57.859741  0.170421 0.985371 0.000010  0.000000 0.000000 1 14 1.000000
0  15.339158 -1.002450 58.966942  0.170417 0.985372 -0.000032  1.000000 1.000000 1 14 1.000000
flood_fronds
0  24.534285 -2.592751 57.859741  0.170421 0.985371 0.000010  0.000000 0.000000 1 14 1.000000
0  16.674433 -1.233623 55.504562  0.170412 0.985373 -0.000071  1.000000 0.000000 1 14 1.000000
0  15.339158 -1.002450 58.966942  0.170417 0.985372 -0.000032  1.000000 1.000000 1 14 1.000000
flood_fronds
0  22.682091 -2.272598 62.661945  0.170425 0.985371 0.000040  0.000000 1.000000 1 14 1.000000
0  24.534285 -2.592751 57.859741  0.170421 0.985371 0.000010  0.000000 0.000000 1 14 1.000000
0  15.339158 -1.002450 58.966942  0.170417 0.985372 -0.000032  1.000000 1.000000 1 14 1.000000
flood_fronds
0  15.339158 -1.002450 58.966942  0.170417 0.985372 -0.000032  1.000000 1.000000 1 14 1.000000
0  24.534285 -2.592751 57.859741  0.170421 0.985371 0.000010  0.000000 0.000000 1 14 1.000000
0  16.674433 -1.233623 55.504562  0.170412 0.985373 -0.000071  1.000000 0.000000 1 14 1.000000
flood_fronds
0  21.212418 -4.657613 63.208061  -0.710269 0.122783 0.693139  0.000000 1.000000 1 14 1.000000
0  22.106953 0.421232 63.225029  -0.710275 0.122815 0.693128  0.000000 0.000000 1 14 1.000000
0  15.684674 -2.930352 57.237751  -0.710282 0.122858 0.693113  1.000000 1.000000 1 14 1.000000
flood_fronds
0  22.106953 0.421232 63.225029  -0.710275 0.122815 0.693128  0.000000 0.000000 1 14 1.000000
0  16.330006 0.731791 57.249729  -0.710289 0.122898 0.693099  1.000000 0.000000 1 14 1.000000
0  15.684674 -2.930352 57.237751  -0.710282 0.122858 0.693113  1.000000 1.000000 1 14 1.000000
flood_fronds
0  21.212418 -4.657613 63.208061  -0.710269 0.122783 0.693139  0.000000 1.000000 1 14 1.000000
0  22.106953 0.421232 63.225029  -0.710275 0.122815 0.693128  0.000000 0.000000 1 14 1.000000
0  15.684674 -2.930352 57.237751  -0.710282 0.122858 0.693113  1.000000 1.000000 1 14 1.000000
flood_fronds
0  15.684674 -2.930352 57.237751  -0.710282 0.122858 0.693113  1.000000 1.000000 1 14 1.000000
0  22.106953 0.421232 63.225029  -0.710275 0.122815 0.693128  0.000000 0.000000 1 14 1.000000
0  16.330006 0.731791 57.249729  -0.710289 0.122898 0.693099  1.000000 0.000000 1 14 1.000000
flood_fronds
0  23.694160 -5.086810 56.687641  0.066652 -0.011451 0.997711  0.000000 1.000000 1 14 1.000000
0  24.596313 -0.009710 56.685646  0.066663 -0.011485 0.997709  0.000000 0.000000 1 14 1.000000
0  15.680866 -2.929479 57.247734  0.066679 -0.011531 0.997708  1.000000 1.000000 1 14 1.000000
flood_fronds
0  15.680866 -2.929479 57.247734  0.066679 -0.011531 0.997708  1.000000 1.000000 1 14 1.000000
0  24.596313 -0.009710 56.685646  0.066663 -0.011485 0.997709  0.000000 0.000000 1 14 1.000000
0  16.331093 0.731791 57.246738  0.066693 -0.011573 0.997706  1.000000 0.000000 1 14 1.000000
flood_fronds
0  23.694160 -5.086810 56.687641  0.066652 -0.011451 0.997711  0.000000 1.000000 1 14 1.000000
0  24.596313 -0.009710 56.685646  0.066663 -0.011485 0.997709  0.000000 0.000000 1 14 1.000000
0  15.680866 -2.929479 57.247734  0.066679 -0.011531 0.997708  1.000000 1.000000 1 14 1.000000
flood_fronds
0  24.596313 -0.009710 56.685646  0.066663 -0.011485 0.997709  0.000000 0.000000 1 14 1.000000
0  16.331093 0.731791 57.246738  0.066693 -0.011573 0.997706  1.000000 0.000000 1 14 1.000000
0  15.680866 -2.929479 57.247734  0.066679 -0.011531 0.997708  1.000000 1.000000 1 14 1.000000
flood_fronds
0  23.212610 -5.933867 57.542259  0.542952 0.825843 0.152272  0.000000 1.000000 1 14 1.000000
0  16.639067 -1.244091 55.546494  0.542889 0.825873 0.152335  1.000000 1.000000 1 14 1.000000
0  21.399595 -5.630288 62.360435  0.542926 0.825855 0.152298  0.000000 0.000000 1 14 1.000000
flood_fronds
0  21.399595 -5.630288 62.360435  0.542926 0.825855 0.152298  0.000000 0.000000 1 14 1.000000
0  16.639067 -1.244091 55.546494  0.542889 0.825873 0.152335  1.000000 1.000000 1 14 1.000000
0  15.332084 -1.026003 59.020859  0.542855 0.825889 0.152369  1.000000 0.000000 1 14 1.000000
flood_fronds
0  23.212610 -5.933867 57.542259  0.542952 0.825843 0.152272  0.000000 1.000000 1 14 1.000000
0  16.639067 -1.244091 55.546494  0.542889 0.825873 0.152335  1.000000 1.000000 1 14 1.000000
0  21.399595 -5.630288 62.360435  0.542926 0.825855 0.152298  0.000000 0.000000 1 14 1.000000
flood_fronds
0  16.639067 -1.244091 55.546494  0.542889 0.825873 0.152335  1.000000 1.000000 1 14 1.000000
0  15.332084 -1.026003 59.020859  0.542855 0.825889 0.152369  1.000000 0.000000 1 14 1.000000
0  21.399595 -5.630288 62.360435  0.542926 0.825855 0.152298  0.000000 0.000000 1 14 1.000000
flood_fronds
0  24.403696 0.954241 57.542259  0.234080 -0.960223 0.152248  0.000000 1.000000 1 14 1.000000
0  22.593945 1.277012 62.360435  0.234073 -0.960223 0.152255  0.000000 0.000000 1 14 1.000000
0  16.637434 -1.255432 55.546494  0.234064 -0.960224 0.152264  1.000000 1.000000 1 14 1.000000
flood_fronds
0  16.637434 -1.255432 55.546494  0.234064 -0.960224 0.152264  1.000000 1.000000 1 14 1.000000
0  22.593945 1.277012 62.360435  0.234073 -0.960223 0.152255  0.000000 0.000000 1 14 1.000000
0  15.332627 -1.022514 59.020859  0.234055 -0.960225 0.152272  1.000000 0.000000 1 14 1.000000
flood_fronds
0  24.403696 0.954241 57.542259  0.234080 -0.960223 0.152248  0.000000 1.000000 1 14 1.000000
0  22.593945 1.277012 62.360435  0.234073 -0.960223 0.152255  0.000000 0.000000 1 14 1.000000
0  16.637434 -1.255432 55.546494  0.234063 -0.960224 0.152264  1.000000 1.000000 1 14 1.000000
flood_fronds
0  22.593945 1.277012 62.360435  0.234073 -0.960223 0.152255  0.000000 0.000000 1 14 1.000000
0  15.332627 -1.022514 59.020859  0.234054 -0.960225 0.152272  1.000000 0.000000 1 14 1.000000
0  16.637434 -1.255432 55.546494  0.234063 -0.960224 0.152264  1.000000 1.000000 1 14 1.000000
flood_fronds
0  23.946087 9.032241 58.535648  -0.371608 0.653394 0.659533  0.000000 1.000000 1 15 1.000000
0  16.235329 7.179361 56.026714  -0.371537 0.653489 0.659479  1.000000 1.000000 1 15 1.000000
0  23.272463 5.215690 61.937122  -0.371579 0.653434 0.659510  0.000000 0.000000 1 15 1.000000
flood_fronds
0  23.272463 5.215690 61.937122  -0.371579 0.653434 0.659510  0.000000 0.000000 1 15 1.000000
0  16.235329 7.179361 56.026714  -0.371537 0.653489 0.659479  1.000000 1.000000 1 15 1.000000
0  15.749425 4.427955 58.479733  -0.371499 0.653540 0.659450  1.000000 0.000000 1 15 1.000000
flood_fronds
0  23.946087 9.032241 58.535648  -0.371608 0.653394 0.659533  0.000000 1.000000 1 15 1.000000
0  16.235329 7.179361 56.026714  -0.371537 0.653489 0.659479  1.000000 1.000000 1 15 1.000000
0  23.272463 5.215690 61.937122  -0.371578 0.653434 0.659510  0.000000 0.000000 1 15 1.000000
flood_fronds
0  16.235329 7.179361 56.026714  -0.371537 0.653489 0.659479  1.000000 1.000000 1 15 1.000000
0  15.749425 4.427955 58.479733  -0.371498 0.653540 0.659450  1.000000 0.000000 1 15 1.000000
0  23.272463 5.215690 61.937122  -0.371578 0.653434 0.659510  0.000000 0.000000 1 15 1.000000
flood_fronds
0  24.565844 5.425928 58.526657  -0.130545 -0.740242 0.659544  0.000000 1.000000 1 15 1.000000
0  22.662502 8.796704 61.933128  -0.130546 -0.740242 0.659545  0.000000 0.000000 1 15 1.000000
0  16.674978 4.595448 56.032707  -0.130546 -0.740242 0.659545  1.000000 1.000000 1 15 1.000000
flood_fronds
0  22.662502 8.796704 61.933128  -0.130546 -0.740242 0.659545  0.000000 0.000000 1 15 1.000000
0  15.302157 7.025825 58.488716  -0.130547 -0.740242 0.659545  1.000000 0.000000 1 15 1.000000
0  16.674978 4.595448 56.032707  -0.130546 -0.740242 0.659545  1.000000 1.000000 1 15 1.000000
flood_fronds
0  24.565844 5.425928 58.526657  -0.130545 -0.740242 0.659544  0.000000 1.000000 1 15 1.000000
0  22.662502 8.796704 61.933128  -0.130546 -0.740242 0.659545  0.000000 0.000000 1 15 1.000000
0  16.674978 4.595448 56.032707  -0.130546 -0.740242 0.659545  1.000000 1.000000 1 15 1.000000
flood_fronds
0  16.674978 4.595448 56.032707  -0.130546 -0.740242 0.659545  1.000000 1.000000 1 15 1.000000
0  22.662502 8.796704 61.933128  -0.130546 -0.740242 0.659545  0.000000 0.000000 1 15 1.000000
0  15.302157 7.025825 58.488716  -0.130547 -0.740241 0.659545  1.000000 0.000000 1 15 1.000000
flood_fronds
0  24.041309 4.556190 60.234886  -0.355011 -0.061518 0.932836  0.000000 1.000000 1 15 1.000000
0  23.183771 9.641142 60.243870  -0.355036 -0.061482 0.932829  0.000000 0.000000 1 15 1.000000
0  16.298445 3.988288 57.250732  -0.355071 -0.061434 0.932819  1.000000 1.000000 1 15 1.000000
flood_fronds
0  23.183771 9.641142 60.243870  -0.355036 -0.061482 0.932829  0.000000 0.000000 1 15 1.000000
0  15.680322 7.654795 57.256721  -0.355103 -0.061389 0.932809  1.000000 0.000000 1 15 1.000000
0  16.298445 3.988288 57.250732  -0.355071 -0.061434 0.932819  1.000000 1.000000 1 15 1.000000
flood_fronds
0  24.041309 4.556190 60.234886  -0.355011 -0.061518 0.932836  0.000000 1.000000 1 15 1.000000
0  23.183771 9.641142 60.243870  -0.355036 -0.061483 0.932829  0.000000 0.000000 1 15 1.000000
0  16.298445 3.988288 57.250732  -0.355071 -0.061434 0.932819  1.000000 1.000000 1 15 1.000000
flood_fronds
0  16.298445 3.988288 57.250732  -0.355071 -0.061434 0.932819  1.000000 1.000000 1 15 1.000000
0  23.183771 9.641142 60.243870  -0.355036 -0.061483 0.932829  0.000000 0.000000 1 15 1.000000
0  15.680322 7.654795 57.256721  -0.355102 -0.061389 0.932810  1.000000 0.000000 1 15 1.000000
flood_fronds
0  22.674473 6.959527 62.661945  -0.170426 0.985371 -0.000039  0.000000 1.000000 1 15 1.000000
0  24.526667 7.279681 57.859741  -0.170422 0.985371 -0.000009  0.000000 0.000000 1 15 1.000000
0  15.331539 5.689378 58.966942  -0.170417 0.985372 0.000032  1.000000 1.000000 1 15 1.000000
flood_fronds
0  24.526667 7.279681 57.859741  -0.170422 0.985371 -0.000009  0.000000 0.000000 1 15 1.000000
0  16.666817 5.920552 55.504562  -0.170412 0.985373 0.000071  1.000000 0.000000 1 15 1.000000
0  15.331539 5.689378 58.966942  -0.170417 0.985372 0.000032  1.000000 1.000000 1 15 1.000000
flood_fronds
0  22.674473 6.959527 62.661945  -0.170426 0.985371 -0.000039  0.000000 1.000000 1 15 1.000000
0  24.526667 7.279681 57.859741  -0.170422 0.985371 -0.000009  0.000000 0.000000 1 15 1.000000
0  15.331539 5.689378 58.966942  -0.170417 0.985372 0.000032  1.000000 1.000000 1 15 1.000000
flood_fronds
0  15.331539 5.689378 58.966942  -0.170417 0.985372 0.000032  1.000000 1.000000 1 15 1.000000
0  24.526667 7.279681 57.859741  -0.170422 0.985371 -0.000009  0.000000 0.000000 1 15 1.000000
0  16.666817 5.920552 55.504562  -0.170412 0.985373 0.000071  1.000000 0.000000 1 15 1.000000
flood_fronds
0  22.091175 4.218589 63.208061  -0.710256 -0.122853 0.693140  0.000000 1.000000 1 15 1.000000
0  21.228195 9.303541 63.225029  -0.710272 -0.122825 0.693129  0.000000 0.000000 1 15 1.000000
0  16.304430 3.989161 57.237751  -0.710295 -0.122787 0.693112  1.000000 1.000000 1 15 1.000000
flood_fronds
0  21.228195 9.303541 63.225029  -0.710272 -0.122825 0.693129  0.000000 0.000000 1 15 1.000000
0  15.682499 7.655667 57.249729  -0.710315 -0.122751 0.693098  1.000000 0.000000 1 15 1.000000
0  16.304430 3.989161 57.237751  -0.710295 -0.122787 0.693112  1.000000 1.000000 1 15 1.000000
flood_fronds
0  22.091175 4.218589 63.208061  -0.710256 -0.122853 0.693140  0.000000 1.000000 1 15 1.000000
0  21.228195 9.303541 63.225029  -0.710272 -0.122825 0.693129  0.000000 0.000000 1 15 1.000000
0  16.304430 3.989161 57.237751  -0.710295 -0.122787 0.693112  1.000000 1.000000 1 15 1.000000
flood_fronds
0  16.304430 3.989161 57.237751  -0.710295 -0.122787 0.693112  1.000000 1.000000 1 15 1.000000
0  21.228195 9.303541 63.225029  -0.710272 -0.122825 0.693129  0.000000 0.000000 1 15 1.000000
0  15.682499 7.655667 57.249729  -0.710316 -0.122751 0.693097  1.000000 0.000000 1 15 1.000000
flood_fronds
0  24.572918 4.647789 56.687641  0.066628 0.011604 0.997710  0.000000 1.000000 1 15 1.000000
0  23.717012 9.733613 56.685646  0.066651 0.011575 0.997709  0.000000 0.000000 1 15 1.000000
0  16.300621 3.989161 57.247734  0.066682 0.011535 0.997708  1.000000 1.000000 1 15 1.000000
flood_fronds
0  16.300621 3.989161 57.247734  0.066682 0.011535 0.997708  1.000000 1.000000 1 15 1.000000
0  23.717012 9.733613 56.685646  0.066651 0.011575 0.997709  0.000000 0.000000 1 15 1.000000
0  15.683587 7.655667 57.246738  0.066711 0.011498 0.997706  1.000000 0.000000 1 15 1.000000
flood_fronds
0  24.572918 4.647789 56.687641  0.066628 0.011604 0.997710  0.000000 1.000000 1 15 1.000000
0  23.717012 9.733613 56.685646  0.066651 0.011575 0.997709  0.000000 0.000000 1 15 1.000000
0  16.300621 3.989161 57.247734  0.066682 0.011535 0.997708  1.000000 1.000000 1 15 1.000000
flood_fronds
0  23.717012 9.733613 56.685646  0.066651 0.011575 0.997709  0.000000 0.000000 1 15 1.000000
0  15.683587 7.655667 57.246738  0.066710 0.011498 0.997706  1.000000 0.000000 1 15 1.000000
0  16.300621 3.989161 57.247734  0.066682 0.011535 0.997708  1.000000 1.000000 1 15 1.000000
flood_fronds
0  24.403696 3.688198 57.542259  0.234080 0.960223 0.152248  0.000000 1.000000 1 15 1.000000
0  16.637434 5.897871 55.546494  0.234063 0.960224 0.152264  1.000000 1.000000 1 15 1.000000
0  22.593945 3.365428 62.360435  0.234072 0.960223 0.152254  0.000000 0.000000 1 15 1.000000
flood_fronds
0  22.593945 3.365428 62.360435  0.234072 0.960223 0.152254  0.000000 0.000000 1 15 1.000000
0  16.637434 5.897871 55.546494  0.234063 0.960224 0.152264  1.000000 1.000000 1 15 1.000000
0  15.332627 5.664953 59.020859  0.234054 0.960225 0.152272  1.000000 0.000000 1 15 1.000000
flood_fronds
0  24.403696 3.688198 57.542259  0.234080 0.960223 0.152248  0.000000 1.000000 1 15 1.000000
0  16.637434 5.897871 55.546494  0.234063 0.960224 0.152264  1.000000 1.000000 1 15 1.000000
0  22.593945 3.365428 62.360435  0.234073 0.960223 0.152254  0.000000 0.000000 1 15 1.000000
flood_fronds
0  16.637434 5.897871 55.546494  0.234063 0.960224 0.152264  1.000000 1.000000 1 15 1.000000
0  15.332627 5.664953 59.020859  0.234054 0.960225 0.152272  1.000000 0.000000 1 15 1.000000
0  22.593945 3.365428 62.360435  0.234073 0.960223 0.152254  0.000000 0.000000 1 15 1.000000
floodcombat_human
0  2.813457 -6.667514 44.869823  -0.499241 0.082169 -0.862558  0.423941 0.530465 1 8 1.000000
0  4.777739 -5.761138 44.744026  0.247890 -0.267147 -0.931227  0.443717 0.552163 1 8 1.000000
0  2.956561 -6.918752 44.824894  -0.086486 -0.814355 -0.573887  0.424445 0.536858 1 8 1.000000
floodcombat_human
0  6.543961 -2.474981 44.117043  -0.995320 -0.016635 -0.095190  0.484138 0.573251 1 8 1.000000
0  7.898282 -2.777686 44.088089  0.576671 -0.686152 -0.443448  0.489235 0.577554 1 8 1.000000
0  5.590115 -4.297328 45.394970  -0.587187 0.307580 -0.748736  0.458122 0.573037 1 8 1.000000
floodcombat_human
0  7.898282 -2.777686 44.088089  0.576671 -0.686152 -0.443448  0.489235 0.577554 1 8 1.000000
0  6.691962 -5.082447 45.706463  0.631815 -0.590644 -0.501946  0.452506 0.577996 1 8 1.000000
0  5.590115 -4.297328 45.394970  -0.587187 0.307580 -0.748736  0.458122 0.573037 1 8 1.000000
floodcombat_human
0  5.590115 -4.297328 45.394970  -0.587187 0.307580 -0.748736  0.458122 0.573037 1 8 1.000000
0  6.691962 -5.082447 45.706463  0.631815 -0.590644 -0.501946  0.452506 0.577996 1 8 1.000000
0  4.541046 -5.165321 44.596268  -0.261858 0.601855 -0.754454  0.451545 0.551110 1 8 1.000000
floodcombat_human
0  6.691962 -5.082447 45.706463  0.631815 -0.590644 -0.501946  0.452506 0.577996 1 8 1.000000
0  4.777739 -5.761138 44.744026  0.247900 -0.267182 -0.931214  0.443717 0.552163 1 8 1.000000
0  4.541046 -5.165321 44.596268  -0.261858 0.601855 -0.754454  0.451545 0.551110 1 8 1.000000
floodcombat_human
0  4.541046 -5.165321 44.596268  -0.261858 0.601855 -0.754454  0.451545 0.551110 1 8 1.000000
0  4.777739 -5.761138 44.744026  0.247900 -0.267182 -0.931214  0.443717 0.552163 1 8 1.000000
0  2.813457 -6.667514 44.869823  -0.499246 0.082204 -0.862552  0.423941 0.530465 1 8 1.000000
floodcombat_human
0  4.777739 -5.761138 44.744026  0.247909 -0.267185 -0.931211  0.443717 0.552163 1 8 1.000000
0  6.691962 -5.082447 45.706463  0.631863 -0.590611 -0.501925  0.452506 0.577996 1 8 1.000000
0  2.956561 -6.918752 44.824894  -0.086495 -0.814353 -0.573888  0.424445 0.536858 1 8 1.000000
floodcombat_human
0  6.691962 -5.082447 45.706463  0.631863 -0.590611 -0.501925  0.452506 0.577996 1 8 1.000000
0  3.946865 -6.597727 48.033691  0.282883 -0.946483 0.155392  0.411994 0.582956 1 8 1.000000
0  2.956561 -6.918752 44.824894  -0.086495 -0.814353 -0.573888  0.424445 0.536858 1 8 1.000000
floodcombat_human
0  2.956561 -6.918752 44.824894  -0.086495 -0.814353 -0.573888  0.424445 0.536858 1 8 1.000000
0  3.946865 -6.597727 48.033691  0.282883 -0.946483 0.155392  0.411994 0.582956 1 8 1.000000
0  2.683956 -7.038265 45.447884  -0.525976 -0.846318 0.084233  0.418280 0.542275 1 8 1.000000
floodcombat_human
0  2.533234 -6.787027 45.407948  -0.979578 0.051739 -0.194297  0.411032 0.541588 1 8 1.000000
0  2.683956 -7.038265 45.447884  -0.525977 -0.846315 0.084260  0.418280 0.542275 1 8 1.000000
0  3.377712 -6.221741 48.138515  -0.998824 0.003094 0.048389  0.405447 0.581842 1 8 1.000000
floodcombat_human
0  2.683956 -7.038265 45.447884  -0.525977 -0.846315 0.084260  0.418280 0.542275 1 8 1.000000
0  3.946865 -6.597727 48.033691  0.282856 -0.946485 0.155430  0.411994 0.582956 1 8 1.000000
0  3.377712 -6.221741 48.138515  -0.998824 0.003094 0.048389  0.405447 0.581842 1 8 1.000000
floodcombat_human
0  3.946865 -6.597727 48.033691  0.282856 -0.946485 0.155430  0.411994 0.582956 1 8 1.000000
0  3.480552 -6.471234 49.294643  -0.306235 -0.906645 0.290199  0.403342 0.596384 1 8 1.000000
0  3.377712 -6.221741 48.138515  -0.998824 0.003094 0.048389  0.405447 0.581842 1 8 1.000000
floodcombat_human
0  3.377712 -6.221741 48.138515  -0.998824 0.003094 0.048389  0.405447 0.581842 1 8 1.000000
0  3.480552 -6.471234 49.294643  -0.306235 -0.906645 0.290199  0.403342 0.596384 1 8 1.000000
0  3.127960 -6.239188 49.364529  -0.992356 -0.075368 0.097715  0.394736 0.596353 1 8 1.000000
floodcombat_human
0  6.042825 -1.021639 40.686615  0.183596 -0.297252 -0.936981  0.518395 0.535714 1 8 1.000000
0  5.916044 -0.323754 40.873310  -0.787385 0.419552 -0.451666  0.532265 0.540566 1 8 1.000000
0  6.185385 -0.348181 40.753502  0.173111 0.490585 -0.854025  0.524865 0.540978 1 8 1.000000
floodcombat_human
0  5.916044 -0.323754 40.873310  -0.787369 0.419547 -0.451697  0.532265 0.540566 1 8 1.000000
0  6.042825 -1.021639 40.686615  0.183575 -0.297253 -0.936985  0.518395 0.535714 1 8 1.000000
0  5.814292 -0.933530 40.846352  -0.752197 -0.399834 -0.523767  0.516197 0.526513 1 8 1.000000
floodcombat_human
0  2.786795 -6.649196 53.441914  0.779590 -0.580905 0.234072  0.289433 0.036576 2 9 0.500000 28 0.500000
0  1.160958 -7.091480 55.119186  0.503895 -0.597581 0.623688  0.316838 0.010040 1 29 1.000000
0  2.032098 -7.861768 52.366657  0.760864 -0.625791 0.171671  0.286458 0.051392 2 9 0.301961 29 0.698039
floodcombat_human
0  1.313312 9.122092 54.164738  0.840627 0.431715 0.327061  0.579919 0.863401 3 9 0.101562 17 0.796876 27 0.101562
0  0.246287 10.783929 55.020351  0.623544 0.385848 0.679937  0.580118 0.840299 3 9 0.101562 17 0.796876 27 0.101562
0  -0.059510 9.228521 56.183456  0.611806 0.600317 0.515085  0.605859 0.838972 3 9 0.698039 17 0.200000 27 0.101961
floodcombat_human
0  0.246287 10.783929 55.020351  0.623549 0.385863 0.679924  0.580118 0.840299 3 9 0.101562 17 0.796876 27 0.101562
0  -1.659230 11.625749 55.442665  0.284654 0.706939 0.647463  0.581109 0.810559 3 9 0.101562 17 0.796876 27 0.101562
0  -0.059510 9.228521 56.183456  0.611806 0.600311 0.515094  0.605859 0.838972 3 9 0.698039 17 0.200000 27 0.101961
floodcombat_human
0  -1.659230 11.625749 55.442665  0.284654 0.706939 0.647463  0.581109 0.810559 3 9 0.101562 17 0.796876 27 0.101562
0  -1.686436 10.126173 57.636101  0.110113 0.696949 0.708616  0.610941 0.811109 3 9 0.698039 17 0.200000 27 0.101961
0  -0.059510 9.228521 56.183456  0.611806 0.600311 0.515094  0.605859 0.838972 3 9 0.698039 17 0.200000 27 0.101961
floodcombat_human
0  -0.059510 9.228521 56.183456  0.611806 0.600311 0.515094  0.605859 0.838972 3 9 0.698039 17 0.200000 27 0.101961
0  -1.686436 10.126173 57.636101  0.110113 0.696949 0.708616  0.610941 0.811109 3 9 0.698039 17 0.200000 27 0.101961
0  -1.436684 8.062181 58.616512  -0.008696 0.693482 0.720421  0.635767 0.810971 2 9 0.500000 27 0.500000
floodcombat_human
0  -1.659230 11.625749 55.442665  0.284664 0.706931 0.647468  0.581109 0.810559 3 9 0.101562 17 0.796876 27 0.101562
0  -4.773787 10.708033 54.839642  -0.567293 0.671513 0.476706  0.582879 0.767864 3 9 0.101562 17 0.796876 27 0.101562
0  -1.686436 10.126173 57.636101  0.110112 0.696964 0.708602  0.610941 0.811109 3 9 0.698039 17 0.200000 27 0.101961
floodcombat_human
0  -4.773787 10.708033 54.839642  -0.567318 0.671495 0.476702  0.582879 0.767864 3 9 0.101562 17 0.796876 27 0.101562
0  -4.648639 9.232882 57.049053  -0.727576 0.306663 0.613670  0.614328 0.770367 3 9 0.698039 17 0.200000 27 0.101961
0  -1.686436 10.126173 57.636101  0.110109 0.696957 0.708609  0.610941 0.811109 3 9 0.698039 17 0.200000 27 0.101961
floodcombat_human
0  -1.686436 10.126173 57.636101  0.110109 0.696957 0.708609  0.610941 0.811109 3 9 0.698039 17 0.200000 27 0.101961
0  -4.648639 9.232882 57.049053  -0.727576 0.306663 0.613670  0.614328 0.770367 3 9 0.698039 17 0.200000 27 0.101961
0  -1.436684 8.062181 58.616512  -0.008699 0.693500 0.720404  0.635767 0.810971 2 9 0.500000 27 0.500000
floodcombat_human
0  -4.648639 9.232882 57.049053  -0.727576 0.306663 0.613670  0.614328 0.770367 3 9 0.698039 17 0.200000 27 0.101961
0  -4.083840 7.263979 58.092361  -0.603859 0.617619 0.503887  0.641505 0.772091 2 9 0.500000 27 0.500000
0  -1.436684 8.062181 58.616512  -0.008699 0.693500 0.720404  0.635767 0.810971 2 9 0.500000 27 0.500000
floodcombat_human
0  -5.643839 9.030498 53.867222  -0.963960 -0.044278 0.262337  0.599695 0.731716 3 9 0.101562 17 0.796876 27 0.101562
0  -5.278189 7.156680 52.873833  -0.741910 0.656049 0.138452  0.607492 0.710994 3 9 0.500001 17 0.398437 27 0.101562
0  -4.985995 7.764709 55.222023  -0.907965 0.337848 0.247906  0.624125 0.739040 3 9 0.500001 17 0.398437 27 0.101562
floodcombat_human
0  -4.773787 10.708033 54.839642  -0.567316 0.671507 0.476688  0.582879 0.767864 3 9 0.101562 17 0.796876 27 0.101562
0  -5.643839 9.030498 53.867222  -0.963962 -0.044267 0.262330  0.599695 0.731716 3 9 0.101562 17 0.796876 27 0.101562
0  -4.648639 9.232882 57.049053  -0.727567 0.306652 0.613686  0.614328 0.770367 3 9 0.698039 17 0.200000 27 0.101961
floodcombat_human
0  -5.643839 9.030498 53.867222  -0.963957 -0.044303 0.262344  0.599695 0.731716 3 9 0.101562 17 0.796876 27 0.101562
0  -4.985995 7.764709 55.222023  -0.907978 0.337821 0.247898  0.624125 0.739040 3 9 0.500001 17 0.398437 27 0.101562
