version 1
nodes
0 "blender_implicit" -1
1 "hips" -1
2 "arm" 1
3 "forearm" 2
4 "hand" 3
5 "claw01" 4
6 "claw02" 4
7 "arm_nub01" 1
8 "arm_nub02" 7
9 "l_leg01" 1
10 "l_leg02" 9
11 "l_shield" 1
12 "mid_shield" 1
13 "neck" 1
14 "head" 13
15 "frond01" 14
16 "frond02" 14
17 "frond03" 14
18 "l_mouth01" 14
19 "l_mouth02" 18
20 "r_mouth01" 14
21 "r_mouth02" 20
22 "physics_control" 1
23 "r_leg01" 1
24 "r_leg02" 23
25 "r_shield" 1
26 "tail_base" 1
27 "l_butt_scale" 26
28 "r_butt_scale" 26
29 "tail01" 26
30 "tail02" 29
31 "l_spikes_bottom" 30
32 "r_spikes_bottom" 30
33 "tail03" 30
34 "l_spikes_mid" 33
35 "r_spikes_mid" 33
36 "tail04" 33
37 "l_spikes_top" 36
38 "r_spikes_top" 36
39 "tail05" 36
40 "tail_end" 39
end
skeleton
time 0
0  0.000000 0.000000 0.000000  0.000000 -0.000000 0.000000
1  -0.997403 -0.000009 37.422356  1.570796 3.119374 -0.000000
2  5.305124 6.867120 0.000003  -0.000001 0.000001 1.688732
3  13.969180 0.000004 0.000018  -0.000001 -0.000002 1.812047
4  11.873133 -0.000070 -0.000026  -0.000001 0.000002 -0.289552
5  8.794277 0.400871 2.039734  -0.000001 0.027065 -0.985250
6  8.794280 0.400877 -1.931071  -0.000002 -0.025354 -0.985248
7  6.507709 -2.381596 13.196189  -1.167590 -0.828334 -1.927189
8  10.869513 0.000061 0.000003  0.000053 -0.008936 -1.419609
9  -1.454410 5.083850 -12.581937  -0.041616 0.238818 1.221240
10  16.728678 -0.000078 -0.000081  0.311794 0.144175 -0.517480
11  -3.424397 -0.720069 -9.892407  -1.134533 2.143474 0.026629
12  -5.735594 -4.477685 0.422709  0.021876 3.088791 0.526080
13  -1.363233 1.177025 -0.000003  -0.000000 0.000005 2.461484
14  4.767720 -0.431187 0.000018  -0.000002 -0.000002 0.421691
15  12.265835 0.832271 0.126679  0.025131 0.008616 0.114646
16  11.364484 -2.575193 1.630879  -0.000000 -0.110088 -0.160255
17  11.364491 -2.575186 -1.842866  0.000000 0.092399 -0.160252
18  11.277347 -0.112278 -5.110672  -0.000723 0.241609 0.119784
19  15.252048 0.000069 0.000042  0.014839 0.044200 -0.015609
20  11.277325 -0.112280 5.110731  -0.000816 -0.241615 0.119787
21  15.252041 0.000008 -0.000048  0.009061 -0.044173 -0.015683
22  -0.165756 37.435291 -0.000002  -1.570796 0.000000 3.119374
23  -1.454425 5.083858 12.581931  -0.036966 -0.238817 1.221246
24  16.728683 -0.000172 0.000083  0.026433 -0.104997 -0.526028
25  -2.901825 -1.309161 9.838443  1.157666 -2.170335 -0.031569
26  5.166893 0.000010 -0.000002  -0.000000 -0.000004 0.248518
27  11.876835 -1.390309 -7.481345  0.475557 0.591114 0.504525
28  11.876885 -1.390296 7.481265  -0.392514 -0.591106 0.504525
29  9.761811 0.000005 -0.000045  -0.000004 -0.000006 -1.748511
30  12.087664 -0.000112 -0.000067  -0.000002 0.000001 -0.336990
31  11.709679 -8.974951 -8.772260  -0.000003 0.000001 -1.336007
32  11.709752 -8.974944 8.772149  -0.000003 0.000001 -1.336004
33  11.550067 -0.000069 -0.000047  -0.000000 -0.000003 -0.056607
34  9.978253 -6.065354 -8.265904  0.065865 0.000003 -1.279388
35  9.978360 -6.065359 8.265772  -0.089803 0.000002 -1.279398
36  10.513828 -0.000126 -0.000071  -0.000002 -0.000007 -0.115324
37  8.998548 -2.185498 -6.878875  0.215501 0.000008 -1.164070
38  8.998724 -2.185508 6.878616  -0.194724 0.000005 -1.164069
39  8.378833 0.000234 -0.000122  0.000001 0.000004 0.005252
40  7.239726 0.000035 -0.000067  0.000009 0.000000 1.560444
end
triangles
flood_fronds.001
0  22.477493 -0.738687 24.382509  0.688627 -0.084317 0.720197  1.000000 0.000000 1 16 1.000000
0  22.014238 -4.427441 24.393597  0.688608 -0.084238 0.720225  1.000000 1.000000 1 16 1.000000
0  28.486216 -0.789421 18.631235  0.688587 -0.084153 0.720255  0.000000 0.000000 1 16 1.000000
flood_fronds.001
0  28.486216 -0.789421 18.631235  0.688587 -0.084153 0.720255  0.000000 0.000000 1 16 1.000000
0  22.014238 -4.427441 24.393597  0.688608 -0.084238 0.720225  1.000000 1.000000 1 16 1.000000
0  27.843996 -5.905728 18.647863  0.688571 -0.084091 0.720276  0.000000 1.000000 1 16 1.000000
flood_fronds.001
0  22.477493 -0.738687 24.382509  0.688627 -0.084317 0.720197  1.000000 0.000000 1 16 1.000000
0  22.014238 -4.427441 24.393597  0.688608 -0.084238 0.720224  1.000000 1.000000 1 16 1.000000
0  28.486216 -0.789421 18.631235  0.688587 -0.084153 0.720255  0.000000 0.000000 1 16 1.000000
flood_fronds.001
0  22.014238 -4.427441 24.393597  0.688608 -0.084238 0.720224  1.000000 1.000000 1 16 1.000000
0  27.843996 -5.905728 18.647863  0.688572 -0.084091 0.720276  0.000000 1.000000 1 16 1.000000
0  28.486216 -0.789421 18.631235  0.688587 -0.084153 0.720255  0.000000 0.000000 1 16 1.000000
flood_fronds.001
0  24.699760 -1.292796 31.378281  0.189941 0.707173 0.681050  1.000000 0.000000 1 15 1.000000
0  32.817478 -1.798160 29.639038  0.189915 0.707116 0.681116  0.000000 0.000000 1 15 1.000000
0  23.994116 1.336485 28.844950  0.189929 0.707146 0.681082  1.000000 1.000000 1 15 1.000000
flood_fronds.001
0  23.994116 1.336485 28.844950  0.189929 0.707146 0.681082  1.000000 1.000000 1 15 1.000000
0  32.817478 -1.798160 29.639038  0.189915 0.707116 0.681116  0.000000 0.000000 1 15 1.000000
0  31.837732 1.847817 26.127296  0.189905 0.707095 0.681141  0.000000 1.000000 1 15 1.000000
flood_fronds.001
0  24.699760 -1.292796 31.378281  0.189941 0.707173 0.681050  1.000000 0.000000 1 15 1.000000
0  32.817478 -1.798160 29.639038  0.189915 0.707116 0.681116  0.000000 0.000000 1 15 1.000000
0  23.994116 1.336485 28.844950  0.189929 0.707146 0.681082  1.000000 1.000000 1 15 1.000000
flood_fronds.001
0  32.817478 -1.798160 29.639038  0.189915 0.707116 0.681116  0.000000 0.000000 1 15 1.000000
0  31.837732 1.847817 26.127296  0.189905 0.707095 0.681141  0.000000 1.000000 1 15 1.000000
0  23.994116 1.336485 28.844950  0.189929 0.707146 0.681082  1.000000 1.000000 1 15 1.000000
flood_fronds.001
0  31.829803 -1.812086 26.121750  0.189807 -0.707064 0.681200  0.000000 1.000000 1 15 1.000000
0  32.822010 1.834884 29.630724  0.189821 -0.707096 0.681163  0.000000 0.000000 1 15 1.000000
0  23.990717 -1.284838 28.853264  0.189842 -0.707141 0.681111  1.000000 1.000000 1 15 1.000000
flood_fronds.001
0  32.822010 1.834884 29.630724  0.189821 -0.707096 0.681163  0.000000 0.000000 1 15 1.000000
0  24.706554 1.344443 31.383823  0.189861 -0.707182 0.681063  1.000000 0.000000 1 15 1.000000
0  23.990717 -1.284838 28.853264  0.189842 -0.707141 0.681111  1.000000 1.000000 1 15 1.000000
flood_fronds.001
0  31.829803 -1.812086 26.121750  0.189807 -0.707064 0.681200  0.000000 1.000000 1 15 1.000000
0  32.822010 1.834884 29.630724  0.189821 -0.707096 0.681163  0.000000 0.000000 1 15 1.000000
0  23.990717 -1.284838 28.853264  0.189842 -0.707141 0.681111  1.000000 1.000000 1 15 1.000000
flood_fronds.001
0  23.990717 -1.284838 28.853264  0.189842 -0.707141 0.681111  1.000000 1.000000 1 15 1.000000
0  32.822010 1.834884 29.630724  0.189821 -0.707096 0.681163  0.000000 0.000000 1 15 1.000000
0  24.706554 1.344443 31.383823  0.189861 -0.707182 0.681063  1.000000 0.000000 1 15 1.000000
flood_fronds.001
0  32.316845 -2.579085 27.888710  0.268691 -0.000145 0.963226  0.000000 1.000000 1 15 1.000000
0  32.339497 2.578008 27.883165  0.268642 -0.000048 0.963240  0.000000 0.000000 1 15 1.000000
0  24.338440 -1.819050 30.114386  0.268573 0.000086 0.963259  1.000000 1.000000 1 15 1.000000
flood_fronds.001
0  32.339497 2.578008 27.883165  0.268642 -0.000048 0.963240  0.000000 0.000000 1 15 1.000000
0  24.355429 1.899546 30.108843  0.268510 0.000209 0.963277  1.000000 0.000000 1 15 1.000000
0  24.338440 -1.819050 30.114386  0.268573 0.000086 0.963259  1.000000 1.000000 1 15 1.000000
flood_fronds.001
0  32.316845 -2.579085 27.888710  0.268691 -0.000145 0.963226  0.000000 1.000000 1 15 1.000000
0  32.339497 2.578008 27.883165  0.268642 -0.000048 0.963240  0.000000 0.000000 1 15 1.000000
0  24.338440 -1.819050 30.114386  0.268573 0.000086 0.963259  1.000000 1.000000 1 15 1.000000
flood_fronds.001
0  24.338440 -1.819050 30.114386  0.268573 0.000086 0.963259  1.000000 1.000000 1 15 1.000000
0  32.339497 2.578008 27.883165  0.268642 -0.000048 0.963240  0.000000 0.000000 1 15 1.000000
0  24.355429 1.899546 30.108843  0.268510 0.000209 0.963277  1.000000 0.000000 1 15 1.000000
flood_fronds.001
0  33.015690 0.022341 30.394327  0.000000 1.000000 0.000000  0.000000 1.000000 1 15 1.000000
0  31.653112 0.022342 25.421896  0.000000 1.000000 0.000000  0.000000 0.000000 1 15 1.000000
0  24.833410 0.022341 31.886887  0.000000 1.000000 0.000000  1.000000 1.000000 1 15 1.000000
flood_fronds.001
0  31.653112 0.022342 25.421896  0.000000 1.000000 0.000000  0.000000 0.000000 1 15 1.000000
0  23.850269 0.022342 28.300308  0.000000 1.000000 0.000000  1.000000 0.000000 1 15 1.000000
0  24.833410 0.022341 31.886887  0.000000 1.000000 0.000000  1.000000 1.000000 1 15 1.000000
flood_fronds.001
0  33.015690 0.022341 30.394327  0.000000 1.000000 0.000000  0.000000 1.000000 1 15 1.000000
0  31.653112 0.022342 25.421896  0.000000 1.000000 0.000000  0.000000 0.000000 1 15 1.000000
0  24.833410 0.022341 31.886887  0.000000 1.000000 0.000000  1.000000 1.000000 1 15 1.000000
flood_fronds.001
0  24.833410 0.022341 31.886887  0.000000 1.000000 0.000000  1.000000 1.000000 1 15 1.000000
0  31.653112 0.022342 25.421896  0.000000 1.000000 0.000000  0.000000 0.000000 1 15 1.000000
0  23.850269 0.022342 28.300308  0.000000 1.000000 0.000000  1.000000 0.000000 1 15 1.000000
flood_fronds.001
0  32.507126 -2.579085 31.455887  -0.163618 0.000225 0.986524  0.000000 1.000000 1 15 1.000000
0  32.530918 2.578007 31.458658  -0.163588 0.000167 0.986529  0.000000 0.000000 1 15 1.000000
0  24.336174 -1.819050 30.100527  -0.163547 0.000086 0.986536  1.000000 1.000000 1 15 1.000000
flood_fronds.001
0  32.530918 2.578007 31.458658  -0.163588 0.000167 0.986529  0.000000 0.000000 1 15 1.000000
0  24.353165 1.899546 30.103298  -0.163509 0.000012 0.986542  1.000000 0.000000 1 15 1.000000
0  24.336174 -1.819050 30.100527  -0.163547 0.000086 0.986536  1.000000 1.000000 1 15 1.000000
flood_fronds.001
0  32.507126 -2.579085 31.455887  -0.163618 0.000225 0.986524  0.000000 1.000000 1 15 1.000000
0  32.530918 2.578007 31.458658  -0.163588 0.000167 0.986529  0.000000 0.000000 1 15 1.000000
0  24.336174 -1.819050 30.100527  -0.163547 0.000086 0.986536  1.000000 1.000000 1 15 1.000000
flood_fronds.001
0  24.336174 -1.819050 30.100527  -0.163547 0.000086 0.986536  1.000000 1.000000 1 15 1.000000
0  32.530918 2.578007 31.458658  -0.163588 0.000167 0.986529  0.000000 0.000000 1 15 1.000000
0  24.353165 1.899546 30.103298  -0.163508 0.000012 0.986542  1.000000 0.000000 1 15 1.000000
flood_fronds.001
0  30.629190 -2.579084 24.722042  0.650585 -0.000041 0.759433  0.000000 1.000000 1 15 1.000000
0  30.647314 2.578008 24.706799  0.650571 -0.000006 0.759445  0.000000 0.000000 1 15 1.000000
0  24.339573 -1.819050 30.110228  0.650552 0.000041 0.759461  1.000000 1.000000 1 15 1.000000
flood_fronds.001
0  24.339573 -1.819050 30.110228  0.650552 0.000041 0.759461  1.000000 1.000000 1 15 1.000000
0  30.647314 2.578008 24.706799  0.650571 -0.000006 0.759445  0.000000 0.000000 1 15 1.000000
0  24.352032 1.899546 30.099142  0.650535 0.000085 0.759476  1.000000 0.000000 1 15 1.000000
flood_fronds.001
0  30.629190 -2.579084 24.722042  0.650585 -0.000041 0.759433  0.000000 1.000000 1 15 1.000000
0  30.647314 2.578008 24.706799  0.650571 -0.000006 0.759445  0.000000 0.000000 1 15 1.000000
0  24.339573 -1.819050 30.110228  0.650552 0.000041 0.759461  1.000000 1.000000 1 15 1.000000
flood_fronds.001
0  30.647314 2.578008 24.706799  0.650571 -0.000006 0.759445  0.000000 0.000000 1 15 1.000000
0  24.352032 1.899546 30.099142  0.650535 0.000085 0.759476  1.000000 0.000000 1 15 1.000000
0  24.339573 -1.819050 30.110228  0.650552 0.000041 0.759461  1.000000 1.000000 1 15 1.000000
flood_fronds.001
0  30.876112 -3.495305 25.604828  0.406996 0.906352 -0.113490  0.000000 1.000000 1 15 1.000000
0  23.849136 0.004435 28.354355  0.407007 0.906339 -0.113553  1.000000 1.000000 1 15 1.000000
0  32.281731 -3.505254 30.566170  0.407001 0.906347 -0.113517  0.000000 0.000000 1 15 1.000000
flood_fronds.001
0  32.281731 -3.505254 30.566170  0.407001 0.906347 -0.113517  0.000000 0.000000 1 15 1.000000
0  23.849136 0.004435 28.354355  0.407007 0.906339 -0.113553  1.000000 1.000000 1 15 1.000000
0  24.862858 -0.002529 31.931232  0.407014 0.906332 -0.113587  1.000000 0.000000 1 15 1.000000
flood_fronds.001
0  30.876112 -3.495305 25.604828  0.406996 0.906352 -0.113490  0.000000 1.000000 1 15 1.000000
0  23.849136 0.004435 28.354355  0.407008 0.906339 -0.113553  1.000000 1.000000 1 15 1.000000
0  32.281731 -3.505254 30.566170  0.407001 0.906347 -0.113517  0.000000 0.000000 1 15 1.000000
flood_fronds.001
0  23.849136 0.004435 28.354355  0.407008 0.906339 -0.113553  1.000000 1.000000 1 15 1.000000
0  24.862858 -0.002529 31.931232  0.407014 0.906332 -0.113587  1.000000 0.000000 1 15 1.000000
0  32.281731 -3.505254 30.566170  0.407001 0.906347 -0.113517  0.000000 0.000000 1 15 1.000000
flood_fronds.001
0  30.876112 3.494230 25.604830  0.406996 -0.906352 -0.113491  0.000000 1.000000 1 15 1.000000
0  32.281731 3.504176 30.566172  0.407001 -0.906347 -0.113517  0.000000 0.000000 1 15 1.000000
0  23.849136 -0.005513 28.354355  0.407008 -0.906339 -0.113554  1.000000 1.000000 1 15 1.000000
flood_fronds.001
0  23.849136 -0.005513 28.354355  0.407008 -0.906339 -0.113554  1.000000 1.000000 1 15 1.000000
0  32.281731 3.504176 30.566172  0.407001 -0.906347 -0.113517  0.000000 0.000000 1 15 1.000000
0  24.862858 0.001450 31.931232  0.407014 -0.906332 -0.113587  1.000000 0.000000 1 15 1.000000
flood_fronds.001
0  30.876112 3.494230 25.604830  0.406996 -0.906352 -0.113491  0.000000 1.000000 1 15 1.000000
0  32.281731 3.504176 30.566172  0.407001 -0.906347 -0.113517  0.000000 0.000000 1 15 1.000000
0  23.849136 -0.005513 28.354355  0.407008 -0.906339 -0.113554  1.000000 1.000000 1 15 1.000000
flood_fronds.001
0  32.281731 3.504176 30.566172  0.407001 -0.906347 -0.113517  0.000000 0.000000 1 15 1.000000
0  24.862858 0.001450 31.931232  0.407014 -0.906332 -0.113587  1.000000 0.000000 1 15 1.000000
0  23.849136 -0.005513 28.354355  0.407008 -0.906339 -0.113554  1.000000 1.000000 1 15 1.000000
flood_fronds.001
0  29.211109 5.270960 19.979666  0.141810 0.729722 0.668876  0.000000 1.000000 1 17 1.000000
0  21.657454 3.832464 23.150492  0.141829 0.729792 0.668796  1.000000 1.000000 1 17 1.000000
0  30.827410 1.795093 23.429047  0.141818 0.729752 0.668842  0.000000 0.000000 1 17 1.000000
flood_fronds.001
0  30.827410 1.795093 23.429047  0.141818 0.729752 0.668842  0.000000 0.000000 1 17 1.000000
0  21.657454 3.832464 23.150492  0.141829 0.729792 0.668796  1.000000 1.000000 1 17 1.000000
0  22.822952 1.326537 25.638092  0.141838 0.729830 0.668753  1.000000 0.000000 1 17 1.000000
flood_fronds.001
0  29.211109 5.270960 19.979666  0.141810 0.729722 0.668876  0.000000 1.000000 1 17 1.000000
0  21.657454 3.832464 23.150492  0.141829 0.729792 0.668796  1.000000 1.000000 1 17 1.000000
0  30.827410 1.795093 23.429047  0.141818 0.729752 0.668842  0.000000 0.000000 1 17 1.000000
flood_fronds.001
0  21.657454 3.832464 23.150492  0.141829 0.729792 0.668796  1.000000 1.000000 1 17 1.000000
0  22.822952 1.326537 25.638092  0.141838 0.729830 0.668752  1.000000 0.000000 1 17 1.000000
0  30.827410 1.795093 23.429047  0.141818 0.729752 0.668842  0.000000 0.000000 1 17 1.000000
flood_fronds.001
0  29.646051 1.636918 19.975510  0.313299 -0.674023 0.668982  0.000000 1.000000 1 17 1.000000
0  30.390203 5.402273 23.420732  0.313334 -0.674088 0.668900  0.000000 0.000000 1 17 1.000000
0  21.973463 1.230042 23.158806  0.313382 -0.674178 0.668787  1.000000 1.000000 1 17 1.000000
flood_fronds.001
0  30.390203 5.402273 23.420732  0.313334 -0.674088 0.668900  0.000000 0.000000 1 17 1.000000
0  22.510342 3.943880 25.643635  0.313426 -0.674261 0.668683  1.000000 0.000000 1 17 1.000000
0  21.973463 1.230042 23.158806  0.313382 -0.674178 0.668787  1.000000 1.000000 1 17 1.000000
flood_fronds.001
0  29.646051 1.636918 19.975510  0.313299 -0.674023 0.668982  0.000000 1.000000 1 17 1.000000
0  30.390203 5.402273 23.420732  0.313334 -0.674088 0.668901  0.000000 0.000000 1 17 1.000000
0  21.973463 1.230042 23.158806  0.313382 -0.674178 0.668787  1.000000 1.000000 1 17 1.000000
flood_fronds.001
0  21.973463 1.230042 23.158806  0.313382 -0.674178 0.668787  1.000000 1.000000 1 17 1.000000
0  30.390203 5.402273 23.420732  0.313334 -0.674088 0.668901  0.000000 0.000000 1 17 1.000000
0  22.510342 3.943880 25.643635  0.313427 -0.674261 0.668683  1.000000 0.000000 1 17 1.000000
flood_fronds.001
0  30.325642 0.947517 21.710592  0.322016 0.039239 0.945921  0.000000 1.000000 1 17 1.000000
0  29.721939 6.068797 21.703663  0.321997 0.039267 0.945926  0.000000 0.000000 1 17 1.000000
0  22.455975 0.751538 24.397757  0.321972 0.039305 0.945933  1.000000 1.000000 1 17 1.000000
flood_fronds.001
0  29.721939 6.068797 21.703663  0.321997 0.039267 0.945926  0.000000 0.000000 1 17 1.000000
0  22.021032 4.444270 24.392214  0.321948 0.039340 0.945940  1.000000 0.000000 1 17 1.000000
0  22.455975 0.751538 24.397757  0.321972 0.039305 0.945933  1.000000 1.000000 1 17 1.000000
flood_fronds.001
0  30.325642 0.947517 21.710592  0.322016 0.039239 0.945921  0.000000 1.000000 1 17 1.000000
0  29.721939 6.068797 21.703663  0.321997 0.039267 0.945926  0.000000 0.000000 1 17 1.000000
0  22.455975 0.751538 24.397757  0.321972 0.039305 0.945933  1.000000 1.000000 1 17 1.000000
flood_fronds.001
0  22.455975 0.751538 24.397757  0.321972 0.039305 0.945933  1.000000 1.000000 1 17 1.000000
0  29.721939 6.068797 21.703663  0.321997 0.039267 0.945926  0.000000 0.000000 1 17 1.000000
0  22.021032 4.444270 24.392214  0.321949 0.039340 0.945939  1.000000 0.000000 1 17 1.000000
flood_fronds.001
0  30.846661 3.631511 24.171862  0.121348 -0.992610 -0.000055  0.000000 1.000000 1 17 1.000000
0  22.824085 2.650628 26.138384  0.121370 -0.992607 -0.000034  1.000000 1.000000 1 17 1.000000
0  29.208845 3.431554 19.286743  0.121358 -0.992609 -0.000046  0.000000 0.000000 1 17 1.000000
flood_fronds.001
0  29.208845 3.431554 19.286743  0.121358 -0.992609 -0.000046  0.000000 0.000000 1 17 1.000000
0  22.824085 2.650628 26.138384  0.121370 -0.992607 -0.000034  1.000000 1.000000 1 17 1.000000
0  21.643860 2.506383 22.615553  0.121382 -0.992606 -0.000023  1.000000 0.000000 1 17 1.000000
flood_fronds.001
0  30.846661 3.631511 24.171862  0.121348 -0.992610 -0.000055  0.000000 1.000000 1 17 1.000000
0  22.824085 2.650628 26.138384  0.121370 -0.992607 -0.000034  1.000000 1.000000 1 17 1.000000
0  29.208845 3.431554 19.286743  0.121358 -0.992609 -0.000046  0.000000 0.000000 1 17 1.000000
flood_fronds.001
0  22.824085 2.650628 26.138384  0.121370 -0.992607 -0.000034  1.000000 1.000000 1 17 1.000000
0  21.643860 2.506383 22.615553  0.121382 -0.992606 -0.000023  1.000000 0.000000 1 17 1.000000
0  29.208845 3.431554 19.286743  0.121358 -0.992609 -0.000046  0.000000 0.000000 1 17 1.000000
flood_fronds.001
0  30.719801 0.995267 25.259754  -0.104968 -0.012886 0.994392  0.000000 1.000000 1 17 1.000000
0  30.117231 6.117541 25.262526  -0.104994 -0.012848 0.994390  0.000000 0.000000 1 17 1.000000
0  22.452576 0.750544 24.383898  -0.105030 -0.012796 0.994387  1.000000 1.000000 1 17 1.000000
flood_fronds.001
0  30.117231 6.117541 25.262526  -0.104994 -0.012848 0.994390  0.000000 0.000000 1 17 1.000000
0  22.017635 4.443275 24.385284  -0.105063 -0.012748 0.994384  1.000000 0.000000 1 17 1.000000
0  22.452576 0.750544 24.383898  -0.105030 -0.012796 0.994387  1.000000 1.000000 1 17 1.000000
flood_fronds.001
0  30.719801 0.995267 25.259754  -0.104968 -0.012886 0.994392  0.000000 1.000000 1 17 1.000000
0  30.117231 6.117541 25.262526  -0.104994 -0.012848 0.994390  0.000000 0.000000 1 17 1.000000
0  22.452576 0.750544 24.383898  -0.105030 -0.012796 0.994387  1.000000 1.000000 1 17 1.000000
flood_fronds.001
0  22.452576 0.750544 24.383898  -0.105030 -0.012796 0.994387  1.000000 1.000000 1 17 1.000000
0  30.117231 6.117541 25.262526  -0.104994 -0.012848 0.994390  0.000000 0.000000 1 17 1.000000
0  22.017635 4.443275 24.385284  -0.105063 -0.012748 0.994384  1.000000 0.000000 1 17 1.000000
flood_fronds.001
0  28.469225 0.720701 18.647865  0.688617 0.084140 0.720227  0.000000 1.000000 1 17 1.000000
0  27.860987 5.840986 18.631235  0.688617 0.084139 0.720227  0.000000 0.000000 1 17 1.000000
0  22.455975 0.751538 24.393599  0.688618 0.084139 0.720227  1.000000 1.000000 1 17 1.000000
flood_fronds.001
0  22.455975 0.751538 24.393599  0.688618 0.084139 0.720227  1.000000 1.000000 1 17 1.000000
0  27.860987 5.840986 18.631235  0.688617 0.084139 0.720227  0.000000 0.000000 1 17 1.000000
0  22.016502 4.443275 24.382509  0.688618 0.084139 0.720226  1.000000 0.000000 1 17 1.000000
flood_fronds.001
0  28.469225 0.720701 18.647865  0.688617 0.084140 0.720227  0.000000 1.000000 1 17 1.000000
0  27.860987 5.840986 18.631235  0.688617 0.084139 0.720227  0.000000 0.000000 1 17 1.000000
0  22.455975 0.751538 24.393599  0.688618 0.084139 0.720227  1.000000 1.000000 1 17 1.000000
flood_fronds.001
0  27.860987 5.840986 18.631235  0.688617 0.084139 0.720227  0.000000 0.000000 1 17 1.000000
0  22.016502 4.443275 24.382509  0.688618 0.084139 0.720226  1.000000 0.000000 1 17 1.000000
0  22.455975 0.751538 24.393599  0.688618 0.084139 0.720227  1.000000 1.000000 1 17 1.000000
flood_fronds.001
0  28.875845 -0.153739 19.515408  0.286873 0.948103 -0.137131  0.000000 1.000000 1 17 1.000000
0  21.647259 2.489472 22.668215  0.286869 0.948109 -0.137100  1.000000 1.000000 1 17 1.000000
0  30.556702 0.042238 24.386669  0.286871 0.948105 -0.137118  0.000000 0.000000 1 17 1.000000
flood_fronds.001
0  30.556702 0.042238 24.386669  0.286871 0.948105 -0.137118  0.000000 0.000000 1 17 1.000000
0  21.647259 2.489472 22.668215  0.286869 0.948109 -0.137100  1.000000 1.000000 1 17 1.000000
0  22.859196 2.630732 26.181347  0.286867 0.948112 -0.137084  1.000000 0.000000 1 17 1.000000
flood_fronds.001
0  28.875845 -0.153739 19.515408  0.286873 0.948103 -0.137131  0.000000 1.000000 1 17 1.000000
0  21.647259 2.489472 22.668215  0.286869 0.948108 -0.137100  1.000000 1.000000 1 17 1.000000
0  30.556702 0.042238 24.386669  0.286871 0.948105 -0.137118  0.000000 0.000000 1 17 1.000000
flood_fronds.001
0  21.647259 2.489472 22.668215  0.286869 0.948108 -0.137100  1.000000 1.000000 1 17 1.000000
0  22.859196 2.630732 26.181347  0.286867 0.948112 -0.137084  1.000000 0.000000 1 17 1.000000
0  30.556702 0.042238 24.386669  0.286871 0.948105 -0.137118  0.000000 0.000000 1 17 1.000000
flood_fronds.001
0  28.027491 6.785061 19.515408  0.506727 -0.851140 -0.137069  0.000000 1.000000 1 17 1.000000
0  29.706081 6.999936 24.386669  0.506733 -0.851127 -0.137131  0.000000 0.000000 1 17 1.000000
0  21.648392 2.479524 22.668215  0.506740 -0.851108 -0.137217  1.000000 1.000000 1 17 1.000000
flood_fronds.001
0  21.648392 2.479524 22.668215  0.506740 -0.851108 -0.137217  1.000000 1.000000 1 17 1.000000
0  29.706081 6.999936 24.386669  0.506733 -0.851127 -0.137131  0.000000 0.000000 1 17 1.000000
0  22.859196 2.633716 26.181347  0.506748 -0.851091 -0.137297  1.000000 0.000000 1 17 1.000000
flood_fronds.001
0  28.027491 6.785061 19.515408  0.506727 -0.851140 -0.137069  0.000000 1.000000 1 17 1.000000
0  29.706081 6.999936 24.386669  0.506733 -0.851127 -0.137131  0.000000 0.000000 1 17 1.000000
0  21.648392 2.479524 22.668215  0.506741 -0.851108 -0.137217  1.000000 1.000000 1 17 1.000000
flood_fronds.001
0  29.706081 6.999936 24.386669  0.506733 -0.851127 -0.137131  0.000000 0.000000 1 17 1.000000
0  22.859196 2.633716 26.181347  0.506748 -0.851091 -0.137297  1.000000 0.000000 1 17 1.000000
0  21.648392 2.479524 22.668215  0.506741 -0.851108 -0.137217  1.000000 1.000000 1 17 1.000000
flood_fronds.001
0  29.659643 -1.667840 19.979666  0.313370 0.674137 0.668834  0.000000 1.000000 1 16 1.000000
0  21.982523 -1.245045 23.150492  0.313370 0.674138 0.668833  1.000000 1.000000 1 16 1.000000
0  30.391335 -5.430210 23.429045  0.313370 0.674137 0.668834  0.000000 0.000000 1 16 1.000000
flood_fronds.001
0  30.391335 -5.430210 23.429045  0.313370 0.674137 0.668834  0.000000 0.000000 1 16 1.000000
0  21.982523 -1.245045 23.150492  0.313370 0.674138 0.668833  1.000000 1.000000 1 16 1.000000
0  22.509209 -3.957891 25.638090  0.313370 0.674138 0.668832  1.000000 0.000000 1 16 1.000000
flood_fronds.001
0  29.659643 -1.667840 19.979666  0.313370 0.674137 0.668834  0.000000 1.000000 1 16 1.000000
0  21.982523 -1.245045 23.150492  0.313370 0.674138 0.668833  1.000000 1.000000 1 16 1.000000
0  30.391335 -5.430210 23.429045  0.313370 0.674137 0.668833  0.000000 0.000000 1 16 1.000000
flood_fronds.001
0  21.982523 -1.245045 23.150492  0.313370 0.674138 0.668833  1.000000 1.000000 1 16 1.000000
0  22.509209 -3.957891 25.638090  0.313370 0.674138 0.668832  1.000000 0.000000 1 16 1.000000
0  30.391335 -5.430210 23.429045  0.313370 0.674137 0.668833  0.000000 0.000000 1 16 1.000000
flood_fronds.001
0  29.206579 -5.298894 19.975508  0.141703 -0.729792 0.668823  0.000000 1.000000 1 16 1.000000
0  30.836470 -1.825018 23.420732  0.141707 -0.729807 0.668806  0.000000 0.000000 1 16 1.000000
0  21.661983 -3.846472 23.158806  0.141712 -0.729827 0.668783  1.000000 1.000000 1 16 1.000000
flood_fronds.001
0  30.836470 -1.825018 23.420732  0.141707 -0.729807 0.668806  0.000000 0.000000 1 16 1.000000
0  22.836544 -1.341541 25.643635  0.141717 -0.729846 0.668761  1.000000 0.000000 1 16 1.000000
0  21.661983 -3.846472 23.158806  0.141712 -0.729827 0.668783  1.000000 1.000000 1 16 1.000000
flood_fronds.001
0  29.206579 -5.298894 19.975508  0.141703 -0.729792 0.668823  0.000000 1.000000 1 16 1.000000
0  30.836470 -1.825018 23.420732  0.141707 -0.729807 0.668806  0.000000 0.000000 1 16 1.000000
0  21.661983 -3.846472 23.158806  0.141712 -0.729827 0.668783  1.000000 1.000000 1 16 1.000000
flood_fronds.001
0  21.661983 -3.846472 23.158806  0.141712 -0.729827 0.668783  1.000000 1.000000 1 16 1.000000
0  30.836470 -1.825018 23.420732  0.141707 -0.729807 0.668806  0.000000 0.000000 1 16 1.000000
0  22.836544 -1.341541 25.643635  0.141717 -0.729846 0.668761  1.000000 0.000000 1 16 1.000000
flood_fronds.001
0  29.699287 -6.132544 21.710590  0.321989 -0.039493 0.945919  0.000000 1.000000 1 16 1.000000
0  30.347162 -1.016238 21.703663  0.321971 -0.039441 0.945928  0.000000 0.000000 1 16 1.000000
0  22.014238 -4.427441 24.397755  0.321945 -0.039370 0.945939  1.000000 1.000000 1 16 1.000000
flood_fronds.001
0  30.347162 -1.016238 21.703663  0.321971 -0.039441 0.945928  0.000000 0.000000 1 16 1.000000
0  22.480892 -0.738687 24.392214  0.321922 -0.039304 0.945950  1.000000 0.000000 1 16 1.000000
0  22.014238 -4.427441 24.397755  0.321945 -0.039370 0.945939  1.000000 1.000000 1 16 1.000000
flood_fronds.001
0  29.699287 -6.132544 21.710590  0.321989 -0.039493 0.945919  0.000000 1.000000 1 16 1.000000
0  30.347162 -1.016238 21.703663  0.321971 -0.039441 0.945928  0.000000 0.000000 1 16 1.000000
0  22.014238 -4.427441 24.397755  0.321945 -0.039370 0.945939  1.000000 1.000000 1 16 1.000000
flood_fronds.001
0  22.014238 -4.427441 24.397755  0.321945 -0.039370 0.945939  1.000000 1.000000 1 16 1.000000
0  30.347162 -1.016238 21.703663  0.321971 -0.039441 0.945928  0.000000 0.000000 1 16 1.000000
0  22.480892 -0.738687 24.392214  0.321922 -0.039304 0.945950  1.000000 0.000000 1 16 1.000000
flood_fronds.001
0  30.852327 -3.653480 24.171860  0.121393 0.992605 0.000132  0.000000 1.000000 1 16 1.000000
0  29.214510 -3.452527 19.286741  0.121360 0.992609 0.000101  0.000000 0.000000 1 16 1.000000
0  22.829746 -2.672599 26.138384  0.121314 0.992614 0.000057  1.000000 1.000000 1 16 1.000000
flood_fronds.001
0  29.214510 -3.452527 19.286741  0.121360 0.992609 0.000101  0.000000 0.000000 1 16 1.000000
0  21.649525 -2.528349 22.615553  0.121271 0.992619 0.000017  1.000000 0.000000 1 16 1.000000
0  22.829746 -2.672599 26.138384  0.121314 0.992614 0.000057  1.000000 1.000000 1 16 1.000000
flood_fronds.001
0  30.852327 -3.653480 24.171860  0.121393 0.992605 0.000132  0.000000 1.000000 1 16 1.000000
0  29.214510 -3.452527 19.286741  0.121360 0.992609 0.000101  0.000000 0.000000 1 16 1.000000
0  22.829746 -2.672599 26.138384  0.121314 0.992614 0.000057  1.000000 1.000000 1 16 1.000000
flood_fronds.001
0  22.829746 -2.672599 26.138384  0.121314 0.992614 0.000057  1.000000 1.000000 1 16 1.000000
0  29.214510 -3.452527 19.286741  0.121360 0.992609 0.000101  0.000000 0.000000 1 16 1.000000
0  21.649525 -2.528349 22.615553  0.121271 0.992619 0.000017  1.000000 0.000000 1 16 1.000000
flood_fronds.001
0  30.094580 -6.181292 25.259752  -0.104973 0.012754 0.994393  0.000000 1.000000 1 16 1.000000
0  30.742455 -1.064984 25.262526  -0.104994 0.012807 0.994390  0.000000 0.000000 1 16 1.000000
0  22.010839 -4.427441 24.383896  -0.105022 0.012880 0.994386  1.000000 1.000000 1 16 1.000000
flood_fronds.001
0  30.742455 -1.064984 25.262526  -0.104994 0.012807 0.994390  0.000000 0.000000 1 16 1.000000
0  22.478626 -0.738687 24.385284  -0.105048 0.012947 0.994383  1.000000 0.000000 1 16 1.000000
0  22.010839 -4.427441 24.383896  -0.105022 0.012880 0.994386  1.000000 1.000000 1 16 1.000000
flood_fronds.001
0  30.094580 -6.181292 25.259752  -0.104973 0.012754 0.994393  0.000000 1.000000 1 16 1.000000
0  30.742455 -1.064984 25.262526  -0.104993 0.012806 0.994390  0.000000 0.000000 1 16 1.000000
0  22.010839 -4.427441 24.383896  -0.105022 0.012880 0.994387  1.000000 1.000000 1 16 1.000000
flood_fronds.001
0  22.010839 -4.427441 24.383896  -0.105022 0.012880 0.994387  1.000000 1.000000 1 16 1.000000
0  30.742455 -1.064984 25.262526  -0.104993 0.012806 0.994390  0.000000 0.000000 1 16 1.000000
0  22.478626 -0.738687 24.385284  -0.105048 0.012947 0.994383  1.000000 0.000000 1 16 1.000000
flood_fronds.001
0  28.027491 -6.851792 19.515406  0.506809 0.851087 -0.137099  0.000000 1.000000 1 16 1.000000
0  21.648392 -2.545261 22.668215  0.506808 0.851090 -0.137083  1.000000 1.000000 1 16 1.000000
0  29.706081 -7.066672 24.386667  0.506808 0.851088 -0.137092  0.000000 0.000000 1 16 1.000000
flood_fronds.001
0  29.706081 -7.066672 24.386667  0.506808 0.851088 -0.137092  0.000000 0.000000 1 16 1.000000
0  21.648392 -2.545261 22.668215  0.506808 0.851090 -0.137083  1.000000 1.000000 1 16 1.000000
0  22.859196 -2.700453 26.181347  0.506807 0.851092 -0.137075  1.000000 0.000000 1 16 1.000000
flood_fronds.001
0  28.027491 -6.851792 19.515406  0.506809 0.851087 -0.137099  0.000000 1.000000 1 16 1.000000
0  21.648392 -2.545261 22.668215  0.506808 0.851090 -0.137083  1.000000 1.000000 1 16 1.000000
0  29.706081 -7.066672 24.386667  0.506808 0.851088 -0.137092  0.000000 0.000000 1 16 1.000000
flood_fronds.001
0  21.648392 -2.545261 22.668215  0.506808 0.851090 -0.137083  1.000000 1.000000 1 16 1.000000
0  22.859196 -2.700453 26.181347  0.506807 0.851092 -0.137075  1.000000 0.000000 1 16 1.000000
0  29.706081 -7.066672 24.386667  0.506808 0.851088 -0.137092  0.000000 0.000000 1 16 1.000000
flood_fronds.001
0  28.875845 0.087005 19.515408  0.286873 -0.948103 -0.137131  0.000000 1.000000 1 16 1.000000
0  30.556702 -0.108974 24.386669  0.286871 -0.948105 -0.137119  0.000000 0.000000 1 16 1.000000
0  21.647259 -2.556203 22.668215  0.286869 -0.948108 -0.137101  1.000000 1.000000 1 16 1.000000
flood_fronds.001
0  21.647259 -2.556203 22.668215  0.286869 -0.948108 -0.137101  1.000000 1.000000 1 16 1.000000
0  30.556702 -0.108974 24.386669  0.286871 -0.948105 -0.137119  0.000000 0.000000 1 16 1.000000
0  22.859196 -2.697469 26.181347  0.286866 -0.948111 -0.137086  1.000000 0.000000 1 16 1.000000
flood_fronds.001
0  28.875845 0.087005 19.515408  0.286873 -0.948103 -0.137131  0.000000 1.000000 1 16 1.000000
0  30.556702 -0.108974 24.386669  0.286871 -0.948105 -0.137119  0.000000 0.000000 1 16 1.000000
0  21.647259 -2.556203 22.668215  0.286869 -0.948108 -0.137101  1.000000 1.000000 1 16 1.000000
flood_fronds.001
0  30.556702 -0.108974 24.386669  0.286871 -0.948105 -0.137119  0.000000 0.000000 1 16 1.000000
0  22.859196 -2.697469 26.181347  0.286866 -0.948111 -0.137086  1.000000 0.000000 1 16 1.000000
0  21.647259 -2.556203 22.668215  0.286869 -0.948108 -0.137101  1.000000 1.000000 1 16 1.000000
flood_ranged
0  17.993320 -2.415939 31.710884  0.279474 -0.535382 0.797032  0.919310 0.943298 1 14 1.000000
0  18.005779 -2.395045 31.529341  0.197847 -0.805020 -0.559284  0.921004 0.947341 1 14 1.000000
0  18.130375 -2.258758 31.629118  0.900414 0.249629 -0.356288  0.915984 0.948287 1 14 1.000000
flood_ranged
0  16.506149 -1.056031 31.555670  0.950057 -0.063119 0.305627  0.919524 0.981231 1 14 1.000000
0  18.130375 -2.258758 31.629118  0.900400 0.249640 -0.356313  0.915984 0.948287 1 14 1.000000
0  16.061018 -1.431077 31.006872  0.642565 -0.291596 -0.708577  0.933730 0.981262 1 14 1.000000
flood_ranged
0  18.130375 -2.258758 31.629118  0.900400 0.249640 -0.356313  0.915984 0.948287 1 14 1.000000
0  18.005779 -2.395045 31.529341  0.197813 -0.805015 -0.559304  0.921004 0.947341 1 14 1.000000
0  16.061018 -1.431077 31.006872  0.642565 -0.291596 -0.708577  0.933730 0.981262 1 14 1.000000
flood_ranged
0  15.201336 0.015378 27.520075  0.987310 0.000272 -0.158804  0.529564 0.832349 1 14 1.000000
0  14.714293 0.015378 28.569162  0.892512 0.000045 -0.451024  0.532921 0.821744 1 14 1.000000
0  14.496824 -0.911786 27.400892  0.719154 0.106714 -0.686608  0.543114 0.831205 1 14 1.000000
flood_ranged
0  13.595232 0.015378 26.192432  0.224961 -0.000007 -0.974368  0.536400 0.849073 1 14 1.000000
0  14.616887 0.015378 26.807749  0.731214 0.000119 -0.682148  0.533028 0.839597 1 14 1.000000
0  13.373232 -1.910575 26.275581  0.410230 -0.119106 -0.904171  0.554726 0.842649 1 14 1.000000
flood_ranged
0  13.373232 -1.910575 26.275581  0.410230 -0.119106 -0.904171  0.554726 0.842649 1 14 1.000000
0  14.616887 0.015378 26.807749  0.731214 0.000119 -0.682148  0.533028 0.839597 1 14 1.000000
0  14.496824 -0.911786 27.400892  0.719113 0.106651 -0.686660  0.543114 0.831205 1 14 1.000000
flood_ranged
0  14.616887 0.015378 26.807749  0.731214 0.000119 -0.682148  0.533028 0.839597 1 14 1.000000
0  15.201336 0.015378 27.520075  0.987300 0.000285 -0.158864  0.529564 0.832349 1 14 1.000000
0  14.496824 -0.911786 27.400892  0.719113 0.106651 -0.686660  0.543114 0.831205 1 14 1.000000
flood_ranged
0  14.496824 -0.911786 27.400892  0.719113 0.106651 -0.686660  0.543114 0.831205 1 14 1.000000
0  14.325796 -1.995132 27.273396  0.496569 -0.206775 -0.843009  0.557260 0.825391 1 14 1.000000
0  13.373232 -1.910575 26.275581  0.410230 -0.119106 -0.904171  0.554726 0.842649 1 14 1.000000
flood_ranged
0  13.373232 -1.910575 26.275581  0.410230 -0.119106 -0.904171  0.554726 0.842649 1 14 1.000000
0  14.325796 -1.995132 27.273396  0.496569 -0.206775 -0.843009  0.557260 0.825391 1 14 1.000000
0  13.965612 -2.352267 26.716284  0.665697 -0.126663 -0.735394  0.559838 0.832380 1 14 1.000000
flood_ranged
0  14.325796 -1.995132 27.273396  0.496569 -0.206775 -0.843009  0.557260 0.825391 1 14 1.000000
0  14.154763 -3.457502 27.344072  0.472752 -0.289165 -0.832400  0.571786 0.822324 2 14 0.500000 20 0.500000
0  13.965612 -2.352267 26.716284  0.665697 -0.126663 -0.735394  0.559838 0.832380 1 14 1.000000
flood_ranged
0  13.965612 -2.352267 26.716284  0.665697 -0.126663 -0.735394  0.559838 0.832380 1 14 1.000000
0  14.154763 -3.457502 27.344072  0.472752 -0.289165 -0.832400  0.571786 0.822324 2 14 0.500000 20 0.500000
0  13.117257 -3.643532 26.745384  0.231364 -0.465895 -0.854056  0.572732 0.838560 1 14 1.000000
flood_ranged
0  14.154763 -3.457502 27.344072  0.472752 -0.289165 -0.832400  0.571786 0.822324 2 14 0.500000 20 0.500000
0  11.038836 -5.160617 27.765371  0.098992 -0.567004 -0.817745  0.594537 0.846403 1 14 1.000000
0  13.117257 -3.643532 26.745384  0.231364 -0.465895 -0.854056  0.572732 0.838560 1 14 1.000000
flood_ranged
0  11.038836 -5.160617 27.765371  0.098992 -0.567004 -0.817745  0.594537 0.846403 1 14 1.000000
0  10.762468 -4.266283 27.039185  -0.056314 -0.445073 -0.893722  0.580896 0.861387 1 14 1.000000
0  13.117257 -3.643532 26.745384  0.231364 -0.465895 -0.854056  0.572732 0.838560 1 14 1.000000
flood_ranged
0  10.762468 -4.266283 27.039185  -0.056314 -0.445073 -0.893722  0.580896 0.861387 1 14 1.000000
0  10.994663 -2.466673 26.533350  -0.222866 -0.132703 -0.965775  0.563134 0.864363 1 14 1.000000
0  13.117257 -3.643532 26.745384  0.231364 -0.465895 -0.854056  0.572732 0.838560 1 14 1.000000
flood_ranged
0  10.994663 -2.466673 26.533350  -0.222866 -0.132703 -0.965775  0.563134 0.864363 1 14 1.000000
0  13.373232 -1.910575 26.275581  0.410230 -0.119106 -0.904171  0.554726 0.842649 1 14 1.000000
0  13.117257 -3.643532 26.745384  0.231364 -0.465895 -0.854056  0.572732 0.838560 1 14 1.000000
flood_ranged
0  13.117257 -3.643532 26.745384  0.231364 -0.465895 -0.854056  0.572732 0.838560 1 14 1.000000
0  13.373232 -1.910575 26.275581  0.410230 -0.119106 -0.904171  0.554726 0.842649 1 14 1.000000
0  13.965612 -2.352267 26.716284  0.665697 -0.126663 -0.735394  0.559838 0.832380 1 14 1.000000
flood_ranged
0  13.595232 0.015378 26.192432  0.224961 -0.000007 -0.974368  0.536400 0.849073 1 14 1.000000
0  13.373232 -1.910575 26.275581  0.410230 -0.119106 -0.904171  0.554726 0.842649 1 14 1.000000
0  11.226857 0.015378 26.398924  -0.203437 0.000016 -0.979088  0.540856 0.869596 1 14 1.000000
flood_ranged
0  13.373232 -1.910575 26.275581  0.410230 -0.119106 -0.904171  0.554726 0.842649 1 14 1.000000
0  10.994663 -2.466673 26.533350  -0.222866 -0.132703 -0.965775  0.563134 0.864363 1 14 1.000000
0  11.226857 0.015378 26.398924  -0.203437 0.000016 -0.979088  0.540856 0.869596 1 14 1.000000
flood_ranged
0  11.226857 0.015378 26.398924  -0.203437 0.000016 -0.979088  0.540856 0.869596 1 14 1.000000
0  10.994663 -2.466673 26.533350  -0.222866 -0.132703 -0.965775  0.563134 0.864363 1 14 1.000000
0  9.634350 0.015378 27.132038  -0.268888 -0.001465 -0.963170  0.542687 0.885863 1 14 1.000000
flood_ranged
0  9.634350 0.015378 27.132038  -0.268888 -0.001465 -0.963170  0.542687 0.885863 1 14 1.000000
0  10.994663 -2.466673 26.533350  -0.222866 -0.132703 -0.965775  0.563134 0.864363 1 14 1.000000
0  9.373840 -2.936224 27.199942  -0.049959 -0.062443 -0.996797  0.567834 0.883131 1 14 1.000000
flood_ranged
0  10.994663 -2.466673 26.533350  -0.222866 -0.132703 -0.965775  0.563134 0.864363 1 14 1.000000
0  10.762468 -4.266283 27.039185  -0.056314 -0.445073 -0.893722  0.580896 0.861387 1 14 1.000000
0  9.373840 -2.936224 27.199942  -0.049959 -0.062443 -0.996797  0.567834 0.883131 1 14 1.000000
flood_ranged
0  9.373840 -2.936224 27.199942  -0.049959 -0.062443 -0.996797  0.567834 0.883131 1 14 1.000000
0  10.762468 -4.266283 27.039185  -0.056314 -0.445073 -0.893722  0.580896 0.861387 1 14 1.000000
0  8.274034 -5.281984 27.493744  0.244392 -0.613902 -0.750597  0.592416 0.885557 1 14 1.000000
flood_ranged
0  10.762468 -4.266283 27.039185  -0.056314 -0.445073 -0.893722  0.580896 0.861387 1 14 1.000000
0  9.245848 -5.891801 28.469381  -0.119463 -0.777329 -0.617648  0.603800 0.868193 1 14 1.000000
0  8.274034 -5.281984 27.493744  0.244392 -0.613902 -0.750597  0.592416 0.885557 1 14 1.000000
flood_ranged
0  8.274034 -5.281984 27.493744  0.244392 -0.613902 -0.750597  0.592416 0.885557 1 14 1.000000
0  9.245848 -5.891801 28.469381  -0.119463 -0.777329 -0.617648  0.603800 0.868193 1 14 1.000000
0  7.312411 -6.874673 30.564783  0.067737 -0.986706 -0.147727  0.622370 0.894163 2 1 0.101961 14 0.898039
flood_ranged
0  9.245848 -5.891801 28.469381  -0.119463 -0.777329 -0.617648  0.603800 0.868193 1 14 1.000000
0  9.020450 -7.147251 30.636850  -0.103717 -0.994597 0.004372  0.626123 0.870680 1 14 1.000000
0  7.312411 -6.874673 30.564783  0.067737 -0.986706 -0.147727  0.622370 0.894163 2 1 0.101961 14 0.898039
flood_ranged
0  7.312411 -6.874673 30.564783  0.067737 -0.986706 -0.147727  0.622370 0.894163 2 1 0.101961 14 0.898039
0  9.020450 -7.147251 30.636850  -0.103717 -0.994597 0.004372  0.626123 0.870680 1 14 1.000000
0  6.845759 -6.307633 33.411316  -0.018647 -0.913842 0.405641  0.648096 0.902983 2 1 0.101961 14 0.898039
flood_ranged
